id,probability_maraud,successful_mating,next_foraging_time,mar_attempts,mate_attempts,x_pos,y_pos,foraging_events,foraging_hrs,foraging_sqhrs,staying_events,staying_hrs,staying_sqhrs,repairing_events,repairing_hrs,repairing_sqhrs,marauding_events,marauding_hrs,marauding_sqhrs,traveling_events,traveling_hrs,traveling_sqhrs
0,0.054,7,360.61148359662207,"[['16' '0.6871047018237635' 'present']
 ['7' '6.523194887168989' 'present']
 ['3' '67.18748320392453' 'present']
 ['11' '78.0487801709612' 'present']
 ['7' '94.34323162040313' 'marauded']
 ['7' '127.97692300132627' 'present']
 ['7' '129.703358254177' 'marauded']
 ['7' '130.96825451826754' 'destroyed']
 ['16' '143.15762109153215' 'marauded']
 ['14' '162.11237245951227' 'marauded']
 ['7' '206.50790759292903' 'present']
 ['7' '213.92771017370077' 'present']
 ['16' '240.22944247220073' 'present']
 ['7' '272.130193849138' 'present']
 ['7' '279.33595220681383' 'present']
 ['7' '292.32791360927484' 'present']
 ['7' '302.1220856741813' 'present']
 ['7' '327.3180660021032' 'present']
 ['7' '346.09777842075533' 'present']
 ['7' '349.20767631991356' 'present']]","[['F131' '58.54574878285543' 'mated']
 ['F35' '73.09395503925447' 'mated']
 ['F36' '113.18608060036522' 'mated']
 ['F186' '203.95702933102908' 'mated']
 ['F173' '244.74335739325505' 'mated']
 ['F59' '286.919766685503' 'mated']
 ['F127' '289.83587526574433' 'absent']
 ['F16' '292.8862889215269' 'mated']]",0.0,0.0,583.0,72.49338726699088,14.374190657874196,1528.0,259.4057617858091,55.52661278600366,137.0,24.43460727441545,5.584468564561248,9.0,0.8999999999999999,0.09000000000000002,96.0,2.84431588635047,0.09430727023319614
1,0.054,9,360.4008587161438,"[['20' '1.0789747502619622' 'present']
 ['16' '7.900666555337596' 'present']
 ['3' '12.275679189267873' 'present']
 ['11' '23.352300009847525' 'present']
 ['23' '31.731647101630408' 'marauded']
 ['23' '36.132458601622616' 'destroyed']
 ['16' '44.09907456817799' 'present']
 ['20' '44.8015867428387' 'marauded']
 ['3' '45.66314747171673' 'presentdestroyed']
 ['6' '49.406198550319836' 'presentdestroyed']
 ['11' '50.493258341606314' 'presentdestroyed']
 ['16' '53.22184002360131' 'present']
 ['13' '54.227132867946445' 'present']
 ['3' '61.292629551768805' 'marauded']
 ['16' '63.99674716282817' 'destroyed']
 ['3' '65.03972462575285' 'presentdestroyed']
 ['23' '90.32528131648382' 'present']
 ['16' '93.67573693842974' 'present']
 ['20' '103.94346709876298' 'present']
 ['16' '104.60891548286979' 'present']
 ['20' '104.70496434772829' 'present']
 ['23' '110.39137541468357' 'present']
 ['23' '120.3639759522986' 'present']
 ['16' '123.9998443033638' 'present']
 ['16' '129.19734793826098' 'present']
 ['23' '139.9983917940542' 'marauded']
 ['6' '141.55123663805674' 'presentdestroyed']
 ['23' '142.64844867892467' 'presentdestroyed']
 ['11' '143.39275818235652' 'presentdestroyed']
 ['16' '151.04356964949977' 'present']
 ['23' '152.20530876327027' 'present']
 ['11' '152.48543885034292' 'present']
 ['16' '156.13127347219285' 'marauded']
 ['3' '172.18588764091774' 'present']
 ['13' '175.75167831802457' 'present']
 ['12' '176.07529160390672' 'present']
 ['23' '180.11145922707712' 'marauded']
 ['16' '187.69068482036926' 'present']
 ['20' '187.96596111853728' 'marauded']
 ['16' '191.45106108086765' 'presentdestroyed']
 ['13' '196.96337495597407' 'marauded']
 ['16' '234.70431578066894' 'present']
 ['16' '242.8363033461915' 'present']
 ['16' '246.23081996686383' 'present']
 ['16' '250.55122535813055' 'marauded']
 ['11' '254.99831093234832' 'presentdestroyed']
 ['16' '259.62715576456947' 'present']
 ['20' '262.19072987838547' 'present']
 ['16' '264.2576702952453' 'present']
 ['16' '264.8754511767095' 'present']
 ['23' '265.8446392745691' 'present']
 ['11' '272.07881627243904' 'present']
 ['3' '278.69518842070545' 'present']
 ['16' '289.8074358850316' 'present']
 ['16' '291.5864899518623' 'present']
 ['23' '296.43733645946725' 'present']
 ['16' '301.4819421067558' 'marauded']
 ['16' '307.0784537517672' 'presentdestroyed']
 ['16' '308.3863132749669' 'presentdestroyed']
 ['16' '308.59827722051716' 'destroyed']
 ['23' '312.39495448091816' 'present']
 ['23' '313.4818602587838' 'present']
 ['23' '320.88631057534457' 'marauded']
 ['16' '320.9540272157771' 'destroyed']
 ['20' '321.1785352362139' 'presentdestroyed']
 ['20' '321.9678917279967' 'presentdestroyed']
 ['16' '340.09853839290184' 'present']
 ['23' '349.72090547627516' 'present']
 ['16' '352.5814604194228' 'marauded']
 ['16' '355.7641992051759' 'presentdestroyed']]","[['F134' '19.543260969373375' 'absent']
 ['F77' '76.77897624525903' 'mated']
 ['F171' '104.87563704035091' 'mated']
 ['F26' '122.3404548532867' 'mated']
 ['F189' '176.17947310944328' 'absent']
 ['F52' '184.68047162583383' 'destroyed']
 ['F51' '190.05711837784887' 'destroyed']
 ['F103' '208.40705046909338' 'mated']
 ['F195' '238.4558197004572' 'mated']
 ['F185' '239.73040879233668' 'mated']
 ['F170' '245.3637652943361' 'mated']
 ['F196' '260.7789109359043' 'absent']
 ['F209' '276.63658848823866' 'mated']
 ['F57' '280.35086953808116' 'mated']
 ['F84' '284.2940317020486' 'absent']]",0.0,500.0,560.0,71.15497803338086,14.527639200037521,1236.0,212.21632113152805,45.67856389345975,451.0,73.07916011953435,15.374599047637473,11.0,1.0999999999999999,0.11000000000000004,84.0,2.450978032266403,0.07394547325102876
2,0.0,13,360.119837445967,"[['16' '0.8286923392760108' 'present']
 ['1' '1.9089548357133066' 'present']
 ['6' '15.330277949426653' 'present']
 ['5' '15.493067899360737' 'present']
 ['1' '18.37475141992174' 'marauded']
 ['22' '22.509693549564183' 'presentdestroyed']
 ['4' '27.738740583100327' 'present']
 ['1' '28.04664002602424' 'present']
 ['1' '30.918023275389952' 'marauded']
 ['15' '30.92079008316402' 'destroyed']
 ['5' '35.90891836506166' 'destroyed']
 ['4' '41.023732527569095' 'present']
 ['1' '41.43520103634366' 'present']
 ['8' '45.48349722293774' 'present']
 ['4' '45.59527024303285' 'present']
 ['1' '52.422672241118335' 'present']
 ['0' '60.594924190948454' 'present']
 ['8' '62.741609035113555' 'present']
 ['15' '63.325269008938925' 'present']
 ['13' '68.54729808407303' 'present']
 ['8' '73.50715335787781' 'present']
 ['8' '75.85952813557155' 'present']
 ['22' '76.46382744037206' 'present']
 ['1' '77.6010253690363' 'present']
 ['5' '85.49993113008931' 'present']
 ['22' '85.53944602425035' 'present']
 ['7' '88.12529547087672' 'present']
 ['4' '92.11140636592833' 'present']
 ['1' '93.30035561295111' 'present']
 ['6' '93.53049884686746' 'present']
 ['1' '93.88195867542802' 'present']
 ['7' '95.69423536595838' 'present']
 ['1' '100.48522854732865' 'present']
 ['1' '107.56669767722059' 'present']
 ['5' '116.26965490213499' 'present']
 ['6' '117.51212225800782' 'present']
 ['8' '117.60548401605325' 'present']
 ['5' '118.38517548118625' 'present']
 ['4' '123.05567717964279' 'present']
 ['8' '124.86618346753949' 'present']
 ['4' '132.9201441779088' 'present']
 ['3' '144.62167467583447' 'present']
 ['1' '150.26506195937696' 'present']
 ['22' '152.89277854510573' 'present']
 ['4' '155.16129970152315' 'present']
 ['8' '155.7807197629845' 'marauded']
 ['5' '156.76603526549152' 'presentdestroyed']
 ['8' '172.26100286800536' 'marauded']
 ['5' '177.64947681789158' 'presentdestroyed']
 ['8' '195.715472832212' 'marauded']
 ['1' '196.30872469166636' 'destroyed']
 ['22' '197.66292513107786' 'presentdestroyed']
 ['22' '202.87445283572478' 'presentdestroyed']
 ['4' '203.24560171790097' 'marauded']
 ['4' '206.48335587110634' 'presentdestroyed']
 ['8' '207.5038773663727' 'destroyed']
 ['4' '208.06622740527263' 'presentdestroyed']
 ['22' '208.20683251011695' 'presentdestroyed']
 ['5' '209.86144113649138' 'destroyed']
 ['16' '211.10148968474994' 'marauded']
 ['20' '219.5608704275195' 'present']
 ['1' '227.8484622002598' 'present']
 ['1' '229.2608663940313' 'present']
 ['8' '237.55019777978583' 'marauded']
 ['5' '239.31922149779126' 'presentdestroyed']
 ['5' '240.50818198564355' 'presentdestroyed']
 ['5' '242.1591897658975' 'destroyed']
 ['22' '246.0674257550632' 'marauded']
 ['0' '250.3884759759375' 'presentdestroyed']
 ['8' '260.00324765074413' 'present']
 ['5' '261.1493119844942' 'present']
 ['1' '262.27222569069653' 'present']
 ['8' '265.13202149726214' 'present']
 ['1' '269.2838550044211' 'marauded']
 ['1' '271.7349304754766' 'presentdestroyed']
 ['16' '273.37794684912086' 'presentdestroyed']
 ['22' '275.16461968526824' 'presentdestroyed']
 ['1' '276.02668449585207' 'destroyed']
 ['1' '282.6079483229147' 'present']
 ['1' '286.73590165925737' 'present']
 ['6' '286.8433924395054' 'present']
 ['5' '290.79459637598325' 'present']
 ['8' '297.87642430024925' 'present']
 ['1' '315.6751615283651' 'present']
 ['6' '321.5489550726782' 'present']
 ['0' '322.0586563059966' 'present']
 ['4' '323.78641698341255' 'present']
 ['16' '330.882980944148' 'present']
 ['4' '341.5881830975632' 'marauded']
 ['0' '346.6344231281883' 'destroyed']
 ['8' '347.1982524671595' 'destroyed']
 ['20' '356.9380783344375' 'marauded']
 ['3' '359.1098154271317' 'presentdestroyed']]","[['F144' '43.27590967696269' 'mated']
 ['F158' '60.07836071390658' 'mated']
 ['F98' '74.37805255964972' 'mated']
 ['F56' '107.38701952974252' 'absent']
 ['F87' '117.31213795010197' 'mated']
 ['F210' '117.39735942310031' 'mated']
 ['F79' '149.49296827431306' 'mated']
 ['F62' '152.48212230603588' 'mated']
 ['F32' '160.25655584091461' 'destroyed']
 ['F22' '166.07393392624206' 'absent']
 ['F204' '171.04943823506014' 'mated']
 ['F41' '175.4498041137231' 'absentdestroyed']
 ['F189' '176.19104718351736' 'absentdestroyed']
 ['F51' '190.06869245192294' 'mated']
 ['F143' '192.61488492540235' 'mated']
 ['F129' '225.597156396453' 'absent']
 ['F166' '226.03120488747211' 'mated']
 ['F195' '238.44424562638312' 'destroyed']
 ['F84' '284.25451534137295' 'absent']
 ['F27' '285.92268952023187' 'absent']
 ['F46' '312.88424240630644' 'mated']
 ['F93' '318.7570207971752' 'mated']]",0.0,1000.0,557.0,71.31303100820863,15.254719938076217,1302.0,218.70622120359315,46.65147834058348,425.0,69.98230033862453,15.019555946621782,0.0,0.0,0.0,0.0,0.0,0.0
3,0.054,12,360.5828085490891,"[['4' '3.1245035140449917' 'marauded']
 ['15' '3.6997112286568123' 'presentdestroyed']
 ['1' '8.496617578229491' 'presentdestroyed']
 ['12' '9.691463890089842' 'presentdestroyed']
 ['0' '12.750242695696091' 'present']
 ['15' '12.97409235521149' 'present']
 ['16' '14.55481099361369' 'present']
 ['16' '15.53478053728339' 'present']
 ['12' '19.206830664615442' 'marauded']
 ['4' '33.03078373592894' 'marauded']
 ['11' '41.58092809066074' 'present']
 ['4' '43.752936364025636' 'present']
 ['15' '45.613948032610026' 'present']
 ['15' '46.03267436852246' 'marauded']
 ['0' '47.149341919366954' 'presentdestroyed']
 ['4' '50.948974872425595' 'presentdestroyed']
 ['4' '57.35397901965439' 'present']
 ['12' '58.197066861773415' 'present']
 ['12' '63.0945077608039' 'present']
 ['16' '66.69078856188332' 'present']
 ['16' '71.06547333870414' 'present']
 ['12' '79.38125347365524' 'present']
 ['4' '99.97089691709184' 'present']
 ['1' '101.53680568298043' 'present']
 ['16' '114.23891214731684' 'present']
 ['1' '124.65222933569243' 'present']
 ['1' '125.37679384797559' 'marauded']
 ['12' '125.39232916051553' 'destroyed']
 ['4' '130.84220759329438' 'presentdestroyed']
 ['4' '131.71198457782322' 'destroyed']
 ['12' '133.68741231839647' 'present']
 ['12' '146.5325270550171' 'marauded']
 ['12' '149.45327862660787' 'presentdestroyed']
 ['12' '155.55859155497683' 'present']
 ['1' '155.62820165794108' 'marauded']
 ['4' '156.36399671394383' 'destroyed']
 ['15' '158.20045453954685' 'presentdestroyed']
 ['4' '185.23395707270151' 'present']
 ['12' '200.89348093974397' 'present']
 ['12' '205.39665482532226' 'present']
 ['1' '208.23848194866005' 'present']
 ['4' '211.20066210857223' 'present']
 ['4' '213.46119456406862' 'marauded']
 ['1' '214.18765176349447' 'presentdestroyed']
 ['4' '218.7374361476736' 'destroyed']
 ['4' '221.59907797650627' 'present']
 ['12' '221.68333494920913' 'present']
 ['15' '222.4261247991879' 'present']
 ['1' '223.8160608455333' 'marauded']
 ['4' '234.4639135759527' 'marauded']
 ['20' '244.4307413962138' 'marauded']
 ['16' '244.77238340127278' 'presentdestroyed']
 ['15' '246.22495023795352' 'presentdestroyed']
 ['15' '246.77670864609252' 'presentdestroyed']
 ['1' '247.37303452288998' 'presentdestroyed']
 ['15' '249.25208316853195' 'presentdestroyed']
 ['15' '259.9622775538215' 'present']
 ['1' '264.7922459305859' 'present']
 ['12' '276.00674465344696' 'present']
 ['15' '276.68408957424884' 'present']
 ['1' '285.34795637226233' 'present']
 ['15' '285.47588566419347' 'present']
 ['4' '295.33758909574976' 'marauded']
 ['12' '297.2341494233181' 'presentdestroyed']
 ['4' '302.1275300139903' 'presentdestroyed']
 ['4' '312.05332980464425' 'present']
 ['1' '312.14136289873204' 'present']
 ['4' '312.40628438161355' 'marauded']
 ['16' '316.68818652400665' 'presentdestroyed']
 ['15' '333.0611698077335' 'present']
 ['12' '337.08107060151644' 'present']
 ['16' '338.9445243892832' 'present']
 ['11' '345.33763503618087' 'marauded']
 ['12' '348.09227183248083' 'presentdestroyed']
 ['4' '351.12349135308176' 'presentdestroyed']
 ['4' '351.8354885923814' 'presentdestroyed']
 ['15' '359.2041726341845' 'present']]","[['F82' '56.81289170177925' 'mated']
 ['F111' '78.3718526878235' 'absent']
 ['F7' '105.69781722684766' 'mated']
 ['F87' '117.28898980195382' 'absent']
 ['F148' '123.9743366995194' 'mated']
 ['F152' '124.4695620007404' 'absent']
 ['F15' '154.25045440403017' 'mated']
 ['F190' '160.65756073701021' 'absentdestroyed']
 ['F190' '160.69029716206512' 'destroyed']
 ['F179' '165.84024496720102' 'mated']
 ['F92' '172.95277271510008' 'mated']
 ['F141' '173.93692620073588' 'mated']
 ['F52' '184.69683983836129' 'absent']
 ['F52' '184.71998798650944' 'absent']
 ['F45' '186.72233647061339' 'absent']
 ['F160' '191.44307620956425' 'absent']
 ['F138' '195.93920407699068' 'mated']
 ['F102' '210.12932915778185' 'mated']
 ['F78' '213.8311181195503' 'destroyed']
 ['F23' '226.35576401574508' 'destroyed']
 ['F10' '233.33759592569857' 'mated']
 ['F195' '238.39521706182873' 'destroyed']
 ['F195' '238.41836520997688' 'destroyed']
 ['F196' '260.7952791484318' 'mated']
 ['F84' '284.2776634895211' 'absent']
 ['F55' '298.0834292837241' 'destroyed']
 ['F157' '311.93758467555836' 'mated']]",0.0,1500.0,556.0,70.67232706446893,14.962701512973041,1187.0,201.24940885958932,43.5862270150031,499.0,85.27722247621212,18.16039993762809,10.0,0.9999999999999999,0.10000000000000003,68.0,1.836624852779823,0.05251200274348418
4,0.054,13,360.12574477943446,"[['3' '0.6182887455316527' 'present']
 ['22' '9.865749310536275' 'marauded']
 ['22' '14.630618952339136' 'presentdestroyed']
 ['22' '29.01506219453115' 'present']
 ['21' '30.924773378587457' 'present']
 ['22' '38.224642482327866' 'present']
 ['3' '42.91792840128636' 'present']
 ['22' '47.83455250882407' 'present']
 ['21' '58.17376648899051' 'marauded']
 ['3' '61.93738615969797' 'presentdestroyed']
 ['3' '63.80676022084039' 'presentdestroyed']
 ['22' '72.93805365868317' 'marauded']
 ['22' '75.107551657003' 'presentdestroyed']
 ['22' '78.46836796941155' 'presentdestroyed']
 ['22' '79.69895467283408' 'marauded']
 ['3' '84.12406705413495' 'presentdestroyed']
 ['7' '91.62451071061709' 'present']
 ['22' '133.17990978497002' 'present']
 ['3' '135.65836546274082' 'present']
 ['3' '137.60316318933272' 'present']
 ['21' '140.0012850570656' 'present']
 ['21' '145.49354366906786' 'marauded']
 ['22' '149.6562567362626' 'presentdestroyed']
 ['22' '155.57243822083882' 'present']
 ['3' '167.50959098320354' 'present']
 ['22' '174.0185456922579' 'marauded']
 ['8' '176.44980570340235' 'presentdestroyed']
 ['22' '181.54885625777672' 'present']
 ['3' '188.67466839390912' 'marauded']
 ['21' '205.7473072375145' 'present']
 ['22' '231.8248278138987' 'present']
 ['22' '239.57742760938507' 'present']
 ['3' '255.94062622548088' 'present']
 ['7' '266.63680676314937' 'present']
 ['3' '271.30305403694314' 'marauded']
 ['22' '280.7473027976863' 'marauded']
 ['22' '295.9865990909971' 'present']
 ['3' '303.37841506858126' 'present']
 ['22' '303.45147845442926' 'present']
 ['3' '307.75084131394857' 'present']
 ['22' '313.3162030449049' 'present']
 ['22' '326.53894593294524' 'present']
 ['22' '348.16217025549514' 'present']
 ['22' '349.48974241587' 'present']]","[['F147' '50.090929908183455' 'mated']
 ['F182' '53.320063982240356' 'mated']
 ['F29' '87.398158440019' 'mated']
 ['F151' '95.55739697761993' 'mated']
 ['F87' '117.3005638760279' 'absent']
 ['F112' '119.40293543231446' 'mated']
 ['F133' '138.1378976758237' 'mated']
 ['F168' '215.77825827804153' 'mated']
 ['F50' '217.78706576006988' 'mated']
 ['F121' '222.08643886702495' 'mated']
 ['F129' '225.60873047052706' 'mated']
 ['F23' '226.36733808981916' 'mated']
 ['F18' '232.7021354988618' 'mated']
 ['F96' '269.5038111844532' 'mated']
 ['F84' '284.2429412672989' 'destroyed']
 ['F84' '284.266089415447' 'destroyed']
 ['F27' '285.9111154461578' 'destroyed']
 ['F55' '286.02555891335373' 'destroyed']
 ['F55' '286.0487070615019' 'destroyed']
 ['F55' '286.07185520965004' 'destroyed']
 ['F157' '311.9260106014843' 'absent']]",500.0,0.0,566.0,70.67502260524572,15.69925384589414,1343.0,230.89465499009677,49.862448131600736,323.0,54.628833359185954,11.588574574509058,16.0,1.6000000000000003,0.1600000000000001,79.0,2.2863322366134375,0.0718021262002743
5,0.054,9,359.81499201752587,"[['6' '19.369546673134803' 'present']
 ['15' '19.502420172840218' 'present']
 ['4' '40.46355188673744' 'present']
 ['6' '56.30523229617913' 'present']
 ['6' '77.5239664263854' 'present']
 ['22' '104.29884691684894' 'present']
 ['6' '121.58320614581916' 'present']
 ['6' '140.13445984361513' 'present']
 ['6' '141.2003111036805' 'marauded']
 ['6' '148.6075214316337' 'presentdestroyed']
 ['6' '164.12660862806624' 'present']
 ['22' '197.48039161248394' 'present']
 ['22' '211.1795901371194' 'present']
 ['4' '221.1994673901515' 'present']
 ['4' '233.95664800713982' 'present']
 ['6' '247.83897692344246' 'present']
 ['6' '248.00915673509346' 'present']
 ['22' '303.3235361678277' 'marauded']
 ['22' '310.83592311055685' 'marauded']
 ['22' '313.65832885918627' 'presentdestroyed']
 ['6' '323.9190876451658' 'present']
 ['4' '331.2458930337583' 'present']
 ['22' '349.9482545314773' 'present']]","[['F162' '9.652633180775991' 'mated']
 ['F49' '41.72697353151102' 'absent']
 ['F150' '42.30582119991725' 'mated']
 ['F139' '62.48025059903347' 'mated']
 ['F203' '105.85818748333267' 'mated']
 ['F126' '133.31360892230467' 'mated']
 ['F70' '174.53370818994466' 'mated']
 ['F123' '196.3593798890562' 'mated']
 ['F110' '198.52348050021195' 'mated']
 ['F125' '218.12044942658648' 'mated']
 ['F176' '280.9760064415917' 'absent']]",500.0,500.0,556.0,71.33552140937711,15.31050665198508,1569.0,266.67184821816926,57.04654856421741,109.0,18.42665966320325,3.8388904665111467,12.0,1.2,0.12000000000000005,88.0,2.4250689794463205,0.0712662894375857
6,0.054,19,360.3197529508289,"[['18' '8.647555986072476' 'present']
 ['5' '14.780350866010089' 'present']
 ['18' '15.944188255085557' 'present']
 ['18' '18.646358062253487' 'present']
 ['18' '23.517861528578873' 'present']
 ['5' '30.333623642784328' 'marauded']
 ['23' '35.562462004455746' 'presentdestroyed']
 ['5' '38.0802899261932' 'marauded']
 ['18' '39.73792857436279' 'presentdestroyed']
 ['5' '41.32701818128789' 'presentdestroyed']
 ['18' '58.085196596047986' 'present']
 ['5' '64.00149835509566' 'present']
 ['5' '76.64042663827622' 'present']
 ['1' '85.61502348315511' 'present']
 ['1' '85.64775990821005' 'present']
 ['23' '86.40640115672849' 'present']
 ['18' '87.52128745357113' 'present']
 ['5' '87.70223439001178' 'present']
 ['5' '93.38142203205066' 'present']
 ['5' '93.40457018019882' 'present']
 ['5' '93.82543771673407' 'present']
 ['23' '96.4128752974533' 'present']
 ['23' '98.70305224770831' 'present']
 ['5' '101.08068127271298' 'present']
 ['23' '105.88913569423127' 'marauded']
 ['1' '110.03169927562261' 'presentdestroyed']
 ['1' '117.74438898790027' 'present']
 ['5' '121.91282816187531' 'marauded']
 ['18' '133.54157837224827' 'present']
 ['21' '135.37457106133172' 'present']
 ['5' '138.07723643638244' 'present']
 ['23' '139.30321242067126' 'present']
 ['21' '152.18877131279362' 'marauded']
 ['12' '156.71697546707443' 'presentdestroyed']
 ['5' '159.7959340748737' 'present']
 ['12' '160.20477318998698' 'present']
 ['23' '160.43499957509687' 'present']
 ['5' '163.09021999272238' 'present']
 ['21' '163.53957704370538' 'present']
 ['5' '167.96401092272836' 'marauded']
 ['23' '168.33678879241162' 'presentdestroyed']
 ['23' '179.9985428617461' 'present']
 ['5' '192.35264128856332' 'present']
 ['23' '194.45155196669668' 'marauded']
 ['18' '194.90049700186015' 'presentdestroyed']
 ['12' '204.48137331238306' 'marauded']
 ['21' '214.52358508853365' 'present']
 ['5' '224.4192786686026' 'marauded']
 ['18' '234.71773852435692' 'present']
 ['7' '247.58820348322317' 'present']
 ['5' '250.6903035991978' 'present']
 ['18' '251.31613295631064' 'present']
 ['5' '252.97110564044507' 'present']
 ['5' '257.70790564731675' 'marauded']
 ['18' '261.522946388295' 'destroyed']
 ['18' '271.8031360559388' 'present']
 ['5' '272.58040691264813' 'present']
 ['1' '276.8501704858076' 'present']
 ['1' '290.35765529813756' 'present']
 ['23' '290.751085793104' 'present']
 ['5' '297.802202105841' 'present']
 ['18' '298.05168397099675' 'marauded']
 ['18' '321.5859630079232' 'present']
 ['18' '323.6150520025098' 'present']
 ['21' '328.9578649777795' 'marauded']
 ['1' '338.85083550875936' 'marauded']
 ['18' '341.7131237141307' 'presentdestroyed']
 ['5' '349.1528026270604' 'marauded']
 ['23' '355.29083225081166' 'presentdestroyed']
 ['18' '355.4191703553603' 'presentdestroyed']]","[['F21' '20.720731643994267' 'mated']
 ['F49' '41.715399457436945' 'absentdestroyed']
 ['F107' '64.41556365633275' 'mated']
 ['F85' '91.77062227140124' 'mated']
 ['F95' '92.64210228958362' 'mated']
 ['F122' '123.13946275635347' 'destroyed']
 ['F31' '127.07419733769738' 'destroyed']
 ['F155' '133.46387349961833' 'mated']
 ['F117' '144.1136177245699' 'mated']
 ['F62' '152.46575409350842' 'destroyed']
 ['F205' '161.2957628428605' 'mated']
 ['F86' '167.49201908242742' 'mated']
 ['F70' '174.49898596772243' 'destroyed']
 ['F41' '175.46617232625056' 'mated']
 ['F54' '180.74702830827454' 'mated']
 ['F192' '181.20491140901314' 'mated']
 ['F3' '185.08898814936006' 'absent']
 ['F200' '190.61685408942992' 'mated']
 ['F91' '194.53157543819933' 'absentdestroyed']
 ['F123' '196.34780581498214' 'destroyed']
 ['F114' '196.58562340339344' 'destroyed']
 ['F114' '196.6087715515416' 'destroyed']
 ['F146' '206.30319398877532' 'destroyed']
 ['F145' '211.05754531109912' 'absentdestroyed']
 ['F5' '215.31704541063363' 'mated']
 ['F14' '216.91584753078294' 'mated']
 ['F154' '220.443831818934' 'mated']
 ['F178' '235.8152098825981' 'mated']
 ['F34' '238.6962616528503' 'mated']
 ['F176' '280.9875805156658' 'absent']
 ['F27' '285.93905773275935' 'mated']
 ['F55' '298.1113715703257' 'absentdestroyed']
 ['F55' '298.1460937925479' 'absentdestroyed']
 ['F136' '314.41026331374746' 'mated']]",500.0,1000.0,570.0,69.13729162925826,14.453747359900971,1186.0,202.67934553372643,44.12373380433623,480.0,85.50325699069472,18.971931958249897,10.0,0.9999999999999999,0.10000000000000003,64.0,1.6850096565649033,0.04715363511659804
7,0.054,5,360.29606214254096,"[['0' '12.220524385100532' 'present']
 ['0' '20.289021214797756' 'present']
 ['23' '21.61424610578766' 'present']
 ['13' '27.868208434068983' 'present']
 ['0' '30.05745302938829' 'present']
 ['0' '34.21541605629' 'present']
 ['0' '37.79667367942813' 'present']
 ['0' '37.934355281185624' 'present']
 ['0' '45.767608064824415' 'marauded']
 ['14' '55.497043267274826' 'present']
 ['0' '57.07585804520476' 'present']
 ['0' '59.45408966463551' 'present']
 ['14' '67.81715055644523' 'present']
 ['14' '70.26464167273197' 'present']
 ['0' '74.91119962971378' 'present']
 ['14' '80.37926069617471' 'marauded']
 ['14' '81.2783788921789' 'presentdestroyed']
 ['0' '87.98679478061993' 'present']
 ['14' '92.33266330099033' 'present']
 ['14' '108.98966980513413' 'present']
 ['14' '110.44664470227634' 'marauded']
 ['4' '111.91194827153905' 'presentdestroyed']
 ['0' '112.97609574850944' 'presentdestroyed']
 ['0' '115.0678095029439' 'destroyed']
 ['0' '122.3951992694444' 'present']
 ['14' '123.08121360690458' 'present']
 ['0' '123.13323502344466' 'present']
 ['0' '125.61742969910277' 'present']
 ['0' '125.64057784725092' 'present']
 ['0' '141.09394308854468' 'marauded']
 ['0' '142.76799468714145' 'presentdestroyed']
 ['14' '143.88832127629482' 'presentdestroyed']
 ['4' '155.19602192374538' 'marauded']
 ['0' '156.28246987362982' 'presentdestroyed']
 ['0' '157.99276286955754' 'presentdestroyed']
 ['14' '160.1089151399563' 'destroyed']
 ['14' '162.4388785774078' 'presentdestroyed']
 ['14' '169.22597857468597' 'present']
 ['23' '178.8238738604202' 'present']
 ['0' '182.9446340840676' 'present']
 ['14' '186.28661209010824' 'present']
 ['14' '196.65986260228723' 'marauded']
 ['0' '207.958759716215' 'present']
 ['14' '218.67960480848546' 'present']
 ['0' '221.46460552038639' 'present']
 ['14' '223.1014236415388' 'present']
 ['0' '237.04489670407295' 'marauded']
 ['14' '246.5231774995471' 'present']
 ['0' '273.7728924061646' 'present']
 ['0' '282.88274350202386' 'marauded']
 ['0' '287.72001000807757' 'presentdestroyed']
 ['0' '287.88265455218715' 'presentdestroyed']
 ['0' '289.3502309318001' 'presentdestroyed']
 ['14' '293.9460793959068' 'marauded']
 ['14' '307.6249579194815' 'present']
 ['14' '316.8383369985376' 'present']
 ['0' '321.15450663689387' 'present']
 ['6' '327.716928402422' 'marauded']
 ['0' '338.4468510481837' 'present']
 ['14' '352.63932382549905' 'marauded']]","[['F193' '26.453368920507554' 'mated']
 ['F99' '50.41884307060624' 'destroyed']
 ['F156' '63.476255470947535' 'mated']
 ['F206' '78.73302711778814' 'mated']
 ['F2' '158.85897383542894' 'destroyed']
 ['F4' '189.66287926995827' 'mated']
 ['F1' '240.92202184090635' 'destroyed']
 ['F180' '262.861363208881' 'mated']]",500.0,1500.0,569.0,68.29601137008495,13.666447361002524,1290.0,222.62436026389355,47.60076592454149,410.0,67.4061530252864,14.168593102939678,4.0,0.4,0.04000000000000001,54.0,1.4801914793981283,0.04554612482853219
8,0.054,13,360.09411919216114,"[['11' '20.649291637252187' 'present']
 ['20' '23.039588372199912' 'marauded']
 ['20' '34.79525712778653' 'present']
 ['12' '37.786694321633746' 'present']
 ['20' '39.832881012561266' 'present']
 ['11' '75.06179391485873' 'present']
 ['11' '78.64685348573373' 'marauded']
 ['23' '88.91703642461988' 'marauded']
 ['20' '93.34540363070637' 'presentdestroyed']
 ['20' '98.21897000224372' 'present']
 ['11' '99.82388965484157' 'marauded']
 ['13' '101.14853398775561' 'presentdestroyed']
 ['11' '122.72401836095935' 'present']
 ['12' '125.50207208048683' 'marauded']
 ['13' '125.53528364188992' 'destroyed']
 ['13' '136.5218272364058' 'present']
 ['11' '136.61050048740012' 'present']
 ['12' '144.16821313446897' 'present']
 ['12' '147.3595119580615' 'present']
 ['11' '150.3831029886826' 'present']
 ['20' '156.9425556611297' 'present']
 ['23' '160.18838289880918' 'present']
 ['12' '182.01784858757094' 'marauded']
 ['11' '185.69775870518254' 'destroyed']
 ['12' '202.8321325999496' 'present']
 ['13' '216.90497529184478' 'present']
 ['23' '221.6983996787565' 'present']
 ['12' '223.2983193673958' 'present']
 ['12' '244.53849803460866' 'marauded']
 ['13' '252.30313477525675' 'present']
 ['23' '259.72592249988435' 'present']
 ['11' '265.66448071073023' 'present']
 ['20' '267.42035963411786' 'present']
 ['20' '269.93933301196006' 'present']
 ['20' '272.2878367512811' 'present']
 ['12' '274.7187908873039' 'present']
 ['12' '276.2590897660957' 'present']
 ['13' '277.5258969970732' 'present']
 ['11' '280.5107293748856' 'marauded']
 ['13' '282.3901028062292' 'presentdestroyed']
 ['11' '287.7693450407299' 'presentdestroyed']
 ['23' '289.9411670142494' 'present']
 ['12' '299.45521782827467' 'present']
 ['20' '303.4816169005705' 'present']
 ['20' '317.5230690602516' 'present']
 ['11' '324.1699108203703' 'present']
 ['20' '326.517849702508' 'marauded']
 ['12' '338.959612766529' 'present']
 ['12' '349.14574254343955' 'present']]","[['F105' '77.87461587719586' 'mated']
 ['F25' '81.37872965338404' 'destroyed']
 ['F74' '99.38968660002845' 'mated']
 ['F33' '102.73907569708275' 'destroyed']
 ['F167' '113.16783016099323' 'mated']
 ['F210' '117.38578534902624' 'absent']
 ['F126' '133.28566663570314' 'absent']
 ['F109' '140.26501787519024' 'mated']
 ['F191' '141.90566120456415' 'mated']
 ['F44' '148.23794842538226' 'mated']
 ['F197' '150.06458231849732' 'mated']
 ['F88' '156.73013165123933' 'mated']
 ['F22' '166.08550800031614' 'mated']
 ['F189' '176.20262125759143' 'mated']
 ['F94' '186.02598970542485' 'destroyed']
 ['F160' '191.4662243577124' 'mated']
 ['F69' '206.88398271893226' 'mated']
 ['F181' '213.8815234389666' 'mated']
 ['F129' '225.5855823223789' 'absent']
 ['F173' '244.69226695850537' 'destroyed']
 ['F173' '244.71541510665352' 'destroyed']]",1000.0,0.0,560.0,68.93477263457525,14.66249694150441,1345.0,232.7471630021574,49.69289348136275,319.0,55.18266815230487,12.051686944828095,11.0,1.0999999999999999,0.11000000000000004,77.0,2.1239909074643855,0.06269290123456786
9,0.0,7,360.6208669114898,"[['6' '4.753384251741528' 'present']
 ['16' '19.08130721657562' 'present']
 ['6' '19.397488959736343' 'marauded']
 ['3' '30.965202290589225' 'present']
 ['4' '41.89420065415929' 'present']
 ['4' '42.3599844104062' 'present']
 ['3' '42.94107654943451' 'marauded']
 ['6' '67.21972388075373' 'present']
 ['4' '69.93070640479728' 'marauded']
 ['3' '71.31065005260182' 'presentdestroyed']
 ['3' '75.22416036366808' 'destroyed']
 ['3' '98.30512694614619' 'present']
 ['4' '100.49498717802449' 'present']
 ['3' '107.69396783317698' 'marauded']
 ['4' '171.26259712171293' 'present']
 ['3' '183.34377868814028' 'present']
 ['3' '204.46959707969032' 'present']
 ['18' '220.49054945666572' 'present']
 ['4' '233.1673015312645' 'present']
 ['3' '255.96377437362904' 'present']
 ['4' '257.68569788024297' 'marauded']
 ['14' '277.32090759262593' 'present']
 ['3' '281.62627365320594' 'present']
 ['3' '284.57731240032336' 'marauded']
 ['4' '323.38086183036796' 'present']
 ['4' '326.2266087032371' 'present']
 ['4' '331.4856531790677' 'present']
 ['4' '335.49859625511573' 'present']
 ['16' '343.7626616232256' 'marauded']]","[['F49' '41.76442802199134' 'mated']
 ['F122' '123.15583096888093' 'mated']
 ['F31' '127.09056555022485' 'mated']
 ['F64' '129.93339406422896' 'mated']
 ['F132' '159.79366357038646' 'mated']
 ['F55' '298.0950033577982' 'absent']
 ['F55' '310.1624620050754' 'mated']
 ['F183' '321.65148484427783' 'mated']]",1000.0,500.0,566.0,69.67687389033189,13.631427717544215,1439.0,247.6323702316013,54.013324750576494,248.0,42.741336739220266,9.351503866729049,0.0,0.0,0.0,0.0,0.0,0.0
10,0.0,6,359.8642491831549,"[['18' '6.910923535473529' 'marauded']
 ['18' '7.1275335215072895' 'destroyed']
 ['22' '28.950323705529488' 'present']
 ['18' '41.5179124169339' 'present']
 ['18' '57.46462398865254' 'marauded']
 ['18' '71.8366353914663' 'marauded']
 ['0' '82.25413886077811' 'marauded']
 ['6' '96.26960225122964' 'present']
 ['18' '103.24870021914016' 'present']
 ['18' '108.0489690053013' 'present']
 ['18' '121.02556836525375' 'present']
 ['18' '148.61462071892166' 'present']
 ['6' '191.36447272527786' 'present']
 ['4' '207.16279974809493' 'marauded']
 ['16' '213.58636183510478' 'destroyed']
 ['18' '213.95221727016434' 'presentdestroyed']
 ['18' '220.27075460585084' 'marauded']
 ['6' '238.9921778511819' 'present']
 ['6' '239.01532599933006' 'present']
 ['18' '240.96039862381033' 'present']
 ['6' '243.57414910370576' 'marauded']
 ['6' '249.1241350384158' 'destroyed']
 ['6' '255.71243778334218' 'present']
 ['18' '279.5462242185822' 'present']
 ['18' '281.1207181489278' 'present']
 ['14' '283.70065922562134' 'marauded']
 ['18' '285.44341137853456' 'presentdestroyed']
 ['18' '294.8896220469398' 'present']
 ['6' '296.4680360719497' 'marauded']
 ['18' '304.7081742261035' 'present']
 ['22' '310.9754394712325' 'present']
 ['6' '312.47915621615454' 'marauded']
 ['6' '316.47348626451094' 'presentdestroyed']
 ['6' '321.03977598929424' 'present']
 ['18' '344.79730054548315' 'marauded']]","[['F161' '91.42532176842663' 'mated']
 ['F211' '104.10002198774518' 'mated']
 ['F56' '107.3985936038166' 'absent']
 ['F32' '160.2681299149887' 'mated']
 ['F149' '175.5556441351926' 'mated']
 ['F3' '185.11213629750821' 'mated']
 ['F114' '196.57404932931937' 'absent']
 ['F214' '276.58530278894233' 'mated']
 ['F55' '298.1345197184738' 'destroyed']
 ['F46' '312.87266833223237' 'destroyed']]",1000.0,1000.0,562.0,69.15935077907261,13.851458975215515,1316.0,223.13520260044282,47.617732787725224,385.0,67.72538191454296,14.83440392423423,0.0,0.0,0.0,0.0,0.0,0.0
11,0.054,8,360.06688676125776,"[['12' '1.939251649242218' 'marauded']
 ['8' '2.3510558253184484' 'destroyed']
 ['1' '3.334251765692503' 'destroyed']
 ['14' '35.806742123707956' 'present']
 ['8' '41.806381906343695' 'marauded']
 ['14' '42.039557832226585' 'presentdestroyed']
 ['8' '42.9739239838171' 'presentdestroyed']
 ['15' '44.036380763159165' 'presentdestroyed']
 ['23' '45.96996083092751' 'destroyed']
 ['14' '48.46599913042835' 'presentdestroyed']
 ['23' '52.720777745026865' 'marauded']
 ['23' '57.44755083980502' 'presentdestroyed']
 ['14' '63.95169492815901' 'marauded']
 ['12' '66.87601228078844' 'destroyed']
 ['1' '79.404430293119' 'present']
 ['22' '82.14282856967154' 'marauded']
 ['14' '85.57266510681107' 'presentdestroyed']
 ['14' '86.48657480035489' 'presentdestroyed']
 ['7' '107.20935747846208' 'present']
 ['8' '107.91357779843004' 'present']
 ['8' '107.93672594657819' 'present']
 ['14' '108.47951597363016' 'present']
 ['1' '113.61505956617886' 'present']
 ['8' '115.09417888103395' 'present']
 ['1' '115.94589185281407' 'present']
 ['15' '127.23483180365658' 'present']
 ['1' '133.8827744649886' 'present']
 ['14' '142.5774281997094' 'present']
 ['8' '144.86257350792965' 'present']
 ['8' '145.5912682738848' 'present']
 ['14' '145.76380804199235' 'present']
 ['12' '150.04533305743692' 'present']
 ['8' '153.21262365243146' 'present']
 ['14' '161.9517698208838' 'marauded']
 ['23' '162.18252835042605' 'presentdestroyed']
 ['14' '164.0031886353034' 'presentdestroyed']
 ['12' '170.3321601090278' 'present']
 ['8' '171.4140663131709' 'present']
 ['23' '171.8988053459911' 'present']
 ['21' '181.92198295007844' 'present']
 ['13' '187.62519966571077' 'present']
 ['12' '192.53292133505067' 'marauded']
 ['0' '193.2020831238592' 'destroyed']
 ['21' '195.8181102942577' 'destroyed']
 ['8' '197.1968841345666' 'presentdestroyed']
 ['15' '199.36473855574437' 'presentdestroyed']
 ['1' '205.92266489612854' 'present']
 ['12' '211.62669928221442' 'present']
 ['8' '212.6806258039665' 'present']
 ['1' '216.36293596832667' 'present']
 ['23' '216.5016847011169' 'marauded']
 ['23' '217.2250368277209' 'presentdestroyed']
 ['14' '218.80664797224475' 'presentdestroyed']
 ['21' '218.9909708330699' 'destroyed']
 ['15' '222.21676600099195' 'destroyed']
 ['14' '223.07827549339063' 'destroyed']
 ['14' '223.44330310920674' 'presentdestroyed']
 ['0' '225.8404535895583' 'present']
 ['13' '227.24861910804924' 'present']
 ['14' '234.05024597684695' 'marauded']
 ['21' '235.05319459537307' 'presentdestroyed']
 ['1' '236.8916569878471' 'presentdestroyed']
 ['14' '237.86829393040387' 'presentdestroyed']
 ['23' '241.65039169534288' 'marauded']
 ['6' '243.53942688148354' 'destroyed']
 ['23' '247.17510920356872' 'presentdestroyed']
 ['23' '248.36337989963747' 'presentdestroyed']
 ['13' '248.70831723100915' 'present']
 ['23' '249.94730068930835' 'present']
 ['21' '256.60752771483055' 'present']
 ['15' '261.4982939262074' 'present']
 ['1' '264.8249823556409' 'present']
 ['14' '268.47891089932597' 'present']
 ['6' '272.86528582807034' 'marauded']
 ['8' '274.5225197440065' 'presentdestroyed']
 ['12' '278.4859621214814' 'presentdestroyed']
 ['21' '280.9474167012835' 'present']
 ['14' '287.28006128883544' 'present']
 ['21' '288.9428790575744' 'present']
 ['14' '289.48420784387724' 'present']
 ['14' '293.92293124775864' 'present']
 ['21' '293.96639975215174' 'present']
 ['15' '294.5797002962483' 'present']
 ['1' '298.03339510003116' 'marauded']
 ['23' '301.2757014826853' 'presentdestroyed']
 ['14' '303.1459836367834' 'presentdestroyed']
 ['14' '305.0685361166033' 'presentdestroyed']
 ['14' '305.31882470059196' 'presentdestroyed']
 ['23' '310.8261409947738' 'present']
 ['14' '313.11865291520496' 'present']
 ['23' '314.19615639356783' 'marauded']
 ['15' '322.42613919218803' 'present']
 ['14' '330.52673723286296' 'marauded']
 ['15' '331.2806830036321' 'presentdestroyed']
 ['12' '337.77031193816015' 'destroyed']
 ['1' '338.16016763232767' 'presentdestroyed']
 ['12' '345.4201903083482' 'marauded']
 ['21' '345.95508020454696' 'presentdestroyed']
 ['23' '357.4153086452709' 'present']]","[['F134' '19.559629181900842' 'mated']
 ['F206' '78.70714670138189' 'absent']
 ['F106' '136.52567736968768' 'mated']
 ['F97' '139.7538847645999' 'mated']
 ['F201' '157.46724467212542' 'mated']
 ['F159' '179.54491471715642' 'mated']
 ['F130' '190.38207633511408' 'absent']
 ['F9' '205.55007511280604' 'mated']
 ['F137' '234.97240370694522' 'destroyed']
 ['F173' '244.70384103257945' 'destroyed']
 ['F153' '293.5984165723705' 'mated']
 ['F124' '313.1059508913894' 'mated']]",1000.0,1500.0,562.0,73.57857869859556,15.743998248479452,1137.0,192.36497659070258,41.05988074223978,530.0,91.0322588207015,19.653352950035153,12.0,1.2,0.12000000000000005,63.0,1.8490468679938405,0.05894204389574756
12,0.054,3,360.23653253339177,"[['3' '12.466192665780282' 'present']
 ['21' '19.656105974451208' 'marauded']
 ['3' '40.26904458926171' 'marauded']
 ['21' '44.95004421030886' 'presentdestroyed']
 ['3' '65.0676669123544' 'present']
 ['11' '81.47969774628356' 'marauded']
 ['3' '81.54299087288088' 'destroyed']
 ['21' '81.8339673859341' 'presentdestroyed']
 ['8' '88.10538392311463' 'presentdestroyed']
 ['3' '90.72939512733943' 'present']
 ['8' '97.93711727552669' 'present']
 ['20' '103.46474676552414' 'present']
 ['21' '107.45021834895697' 'present']
 ['11' '112.64622771743191' 'marauded']
 ['20' '124.02567132994996' 'present']
 ['21' '140.02922734366712' 'present']
 ['21' '149.90817641798623' 'present']
 ['3' '153.96160688240315' 'present']
 ['3' '168.3770362609289' 'present']
 ['20' '182.57769365484245' 'present']
 ['20' '183.15787239427942' 'present']
 ['21' '184.7089948266417' 'marauded']
 ['21' '187.13862166664944' 'destroyed']
 ['3' '188.4143257814559' 'presentdestroyed']
 ['8' '191.2573717546263' 'presentdestroyed']
 ['11' '191.31176118786095' 'presentdestroyed']
 ['20' '197.47559388646917' 'present']
 ['3' '200.33977352329816' 'present']
 ['8' '201.96300140132524' 'present']
 ['6' '214.0521186027389' 'marauded']
 ['1' '217.4454893897195' 'presentdestroyed']
 ['21' '231.1777473416142' 'present']
 ['8' '231.37796318849232' 'marauded']
 ['1' '264.0512255840464' 'marauded']
 ['8' '264.739725041397' 'presentdestroyed']
 ['8' '278.3444512770501' 'present']
 ['3' '282.5375941777472' 'present']
 ['3' '288.12416482933435' 'marauded']
 ['11' '290.1015519474569' 'presentdestroyed']
 ['20' '304.5876603087293' 'present']
 ['21' '304.6777639229815' 'present']
 ['3' '307.1489793336225' 'present']
 ['8' '313.23451200294073' 'marauded']
 ['16' '317.34850979048804' 'presentdestroyed']
 ['20' '321.0835275363623' 'present']
 ['13' '335.7903829126065' 'present']
 ['22' '337.7945052542179' 'present']
 ['21' '340.90311576623117' 'present']
 ['20' '342.9604645080536' 'present']]","[['F111' '78.38342676189758' 'mated']
 ['F198' '99.2258969452137' 'mated']
 ['F80' '135.25262656286657' 'mated']
 ['F52' '184.70841391243536' 'absent']
 ['F45' '186.7107623965393' 'destroyed']
 ['F160' '191.45465028363833' 'absentdestroyed']
 ['F195' '238.4067911359028' 'destroyed']
 ['F124' '313.0895826788619' 'absent']]",1500.0,0.0,577.0,71.96364322069914,14.754593266911114,1336.0,223.85462461731282,47.279122109697845,362.0,60.914328186482834,13.159805630954635,12.0,1.2,0.12000000000000005,76.0,2.1645183751324697,0.06751543209876537
13,0.054,12,360.002204968085,"[['1' '3.3015153406375704' 'present']
 ['11' '15.817063638460027' 'present']
 ['15' '29.575278839723325' 'marauded']
 ['15' '36.20365839992537' 'presentdestroyed']
 ['14' '40.58438749689206' 'present']
 ['1' '42.27148819884302' 'present']
 ['22' '68.13223584106932' 'present']
 ['15' '69.08188394561675' 'present']
 ['14' '70.24149352458382' 'present']
 ['14' '70.28778982088012' 'present']
 ['22' '78.30629077864991' 'present']
 ['14' '81.15523074403076' 'marauded']
 ['22' '84.73090070855562' 'destroyed']
 ['8' '88.57759052852995' 'present']
 ['1' '89.57290570720043' 'present']
 ['22' '92.2042449384401' 'present']
 ['22' '102.61200306254989' 'present']
 ['22' '102.87634946981369' 'marauded']
 ['1' '105.18539113469464' 'presentdestroyed']
 ['14' '107.30234998878464' 'presentdestroyed']
 ['11' '116.54635977010417' 'present']
 ['14' '126.42628503894798' 'present']
 ['18' '128.75695951761242' 'present']
 ['22' '136.5551961734941' 'present']
 ['18' '137.00777718976988' 'present']
 ['14' '145.1722496906722' 'present']
 ['11' '146.27291998076117' 'present']
 ['22' '146.63024808527783' 'marauded']
 ['8' '160.93421616196915' 'present']
 ['14' '162.07491796903196' 'present']
 ['22' '165.48713547380012' 'present']
 ['8' '165.72740001625186' 'present']
 ['22' '165.8299407910303' 'present']
 ['5' '166.3425342754277' 'present']
 ['8' '179.52231315466537' 'present']
 ['14' '188.6016098510419' 'present']
 ['22' '197.24175541733337' 'marauded']
 ['22' '205.36848650302784' 'present']
 ['7' '206.87137651830042' 'present']
 ['11' '209.21043111804374' 'present']
 ['14' '210.67137045456894' 'present']
 ['1' '212.62100820660183' 'present']
 ['22' '218.0799792558605' 'present']
 ['14' '219.2984830698479' 'present']
 ['14' '219.32163121799604' 'present']
 ['22' '225.21130954367027' 'present']
 ['1' '241.88212909329607' 'present']
 ['14' '247.40607780063002' 'present']
 ['22' '248.83731716335384' 'present']
 ['14' '253.39215190583025' 'present']
 ['14' '265.73819736249095' 'marauded']
 ['22' '268.049261201846' 'destroyed']
 ['15' '271.7388924106908' 'destroyed']
 ['22' '276.73483443372726' 'present']
 ['1' '277.9426080235362' 'present']
 ['1' '282.3252225233393' 'present']
 ['15' '285.6854298414629' 'present']
 ['8' '291.6561479436038' 'present']
 ['8' '299.91563244864665' 'marauded']
 ['14' '299.9462904276844' 'destroyed']
 ['22' '305.7379856272296' 'destroyed']
 ['14' '308.61531732381053' 'marauded']
 ['22' '309.16626927099' 'presentdestroyed']
 ['22' '313.6303865725847' 'destroyed']
 ['14' '320.46691992614325' 'marauded']
 ['8' '323.73903672216426' 'presentdestroyed']
 ['14' '327.83725437730345' 'presentdestroyed']
 ['14' '332.1790407229332' 'present']
 ['22' '333.4103582075474' 'present']
 ['1' '338.3357053986731' 'present']
 ['14' '353.51998639046343' 'present']]","[['F134' '19.526892756845907' 'absent']
 ['F20' '54.603957812209515' 'mated']
 ['F212' '98.57828958446814' 'mated']
 ['F33' '102.75544390961022' 'mated']
 ['F175' '127.5804270939774' 'mated']
 ['F116' '147.94206370063094' 'destroyed']
 ['F79' '149.4698201261649' 'destroyed']
 ['F2' '158.8821219835771' 'mated']
 ['F6' '165.5298771243052' 'absent']
 ['F188' '181.03734203870658' 'mated']
 ['F39' '183.11515996684872' 'mated']
 ['F94' '186.0096214928974' 'absent']
 ['F130' '190.36570812258662' 'absent']
 ['F9' '205.5337069002786' 'absent']
 ['F118' '219.79587491342429' 'mated']
 ['F184' '229.69170678591553' 'mated']
 ['F68' '239.22139976871628' 'mated']
 ['F47' '243.7117535573588' 'mated']
 ['F13' '263.9880053110719' 'mated']]",1500.0,500.0,566.0,73.17289665089214,15.602925457874372,1329.0,229.4032667591586,49.35915276458117,331.0,54.50827217774254,11.539523521075472,11.0,1.0999999999999999,0.11000000000000004,70.0,1.963446812608968,0.05894204389574758
14,0.054,8,360.2123976859898,"[['7' '2.154347862004915' 'marauded']
 ['7' '7.599642716614073' 'presentdestroyed']
 ['13' '10.437080252575173' 'marauded']
 ['20' '11.99578336827213' 'presentdestroyed']
 ['13' '18.192319800898215' 'marauded']
 ['13' '19.880131125757178' 'presentdestroyed']
 ['13' '22.695885125458894' 'destroyed']
 ['20' '23.16273652034806' 'destroyed']
 ['20' '23.380710069410462' 'destroyed']
 ['11' '27.518686390693812' 'present']
 ['7' '39.369872865577385' 'present']
 ['11' '40.22602169459555' 'present']
 ['20' '42.20407592443782' 'present']
 ['13' '51.34628852214422' 'present']
 ['7' '58.758719865216754' 'present']
 ['13' '67.41308946421097' 'present']
 ['13' '70.9558062967134' 'marauded']
 ['20' '74.73284464718742' 'presentdestroyed']
 ['11' '74.76901035049299' 'presentdestroyed']
 ['11' '78.51037397232118' 'present']
 ['11' '79.13697140795536' 'present']
 ['20' '91.60211291914477' 'present']
 ['7' '92.76032920115514' 'present']
 ['20' '97.61107209669233' 'present']
 ['11' '111.15857203612882' 'marauded']
 ['11' '123.74752443167036' 'present']
 ['20' '128.24517041861154' 'present']
 ['7' '130.9914026664157' 'present']
 ['13' '133.07146123158316' 'marauded']
 ['20' '140.5323960380828' 'presentdestroyed']
 ['13' '145.6912481525258' 'present']
 ['13' '157.7456291783762' 'present']
 ['16' '178.54111412808948' 'marauded']
 ['20' '180.98952067155642' 'presentdestroyed']
 ['7' '181.58524039153983' 'presentdestroyed']
 ['20' '191.271757504766' 'present']
 ['13' '191.7861879802105' 'present']
 ['13' '193.19065208085098' 'present']
 ['16' '215.0340506479543' 'present']
 ['20' '218.60487242447664' 'present']
 ['0' '219.37783758202474' 'present']
 ['16' '219.6333274370141' 'present']
 ['11' '225.67305456122065' 'marauded']
 ['11' '228.6923547775992' 'presentdestroyed']
 ['11' '232.3014685184983' 'presentdestroyed']
 ['13' '232.80028300831532' 'present']
 ['20' '234.25315115500558' 'present']
 ['7' '236.50300534939623' 'present']
 ['20' '238.8492375102192' 'present']
 ['20' '239.41549023822273' 'present']
 ['20' '240.27460966658722' 'present']
 ['20' '242.57647664204842' 'present']
 ['13' '256.0045095407311' 'present']
 ['20' '258.03037280829284' 'present']
 ['20' '258.58451844083186' 'present']
 ['11' '323.58803235829305' 'present']
 ['0' '328.6362031102821' 'present']
 ['7' '335.99431477004214' 'present']
 ['8' '340.1549206738101' 'present']
 ['20' '348.24117239324846' 'present']
 ['20' '348.2643205413966' 'present']
 ['11' '353.8796655818522' 'present']]","[['F20' '54.59238373813544' 'absent']
 ['F58' '67.36932104692954' 'mated']
 ['F12' '88.31814648768936' 'mated']
 ['F174' '126.79553297515199' 'mated']
 ['F207' '147.88314039106217' 'mated']
 ['F79' '149.45824605209083' 'absent']
 ['F2' '158.87054790950302' 'absent']
 ['F76' '165.40058040379884' 'mated']
 ['F188' '181.0257679646325' 'destroyed']
 ['F73' '211.38686675710488' 'mated']
 ['F118' '219.7843008393502' 'absent']
 ['F1' '240.93359591498043' 'mated']
 ['F140' '267.5770329358735' 'mated']
 ['F153' '293.58684249829645' 'absent']]",1500.0,1000.0,574.0,69.49762699802962,14.110183864631187,1443.0,238.1860612194218,50.359002406379595,288.0,48.8189937484254,10.398401424762723,16.0,1.6000000000000003,0.1600000000000001,88.0,2.193812477656144,0.0594778806584361
15,0.054,5,359.9367719905488,"[['20' '11.601614045142698' 'present']
 ['5' '12.170144583496711' 'present']
 ['21' '18.76065646851201' 'present']
 ['20' '21.469556700480695' 'present']
 ['20' '24.790681731935397' 'present']
 ['11' '28.68198101045799' 'present']
 ['21' '43.586095216111595' 'present']
 ['20' '61.19301154431242' 'present']
 ['20' '81.01911427520636' 'marauded']
 ['21' '81.18914367219026' 'presentdestroyed']
 ['21' '82.59987358307956' 'presentdestroyed']
 ['5' '84.7773660149984' 'presentdestroyed']
 ['13' '92.99926439442075' 'present']
 ['20' '94.1890422626898' 'present']
 ['20' '104.67702206112675' 'present']
 ['20' '107.28012664843843' 'marauded']
 ['3' '116.75988469654511' 'present']
 ['21' '120.10014582690069' 'present']
 ['7' '121.83522478786426' 'present']
 ['5' '124.58714897881164' 'present']
 ['21' '131.6088780253206' 'present']
 ['20' '135.81165129764324' 'present']
 ['21' '139.87334277046406' 'marauded']
 ['13' '159.83241772151246' 'marauded']
 ['3' '172.0610505048622' 'present']
 ['5' '173.04566022558134' 'present']
 ['3' '175.97622493451394' 'present']
 ['12' '178.09878662540132' 'present']
 ['20' '196.93312397532804' 'present']
 ['13' '205.05294100869912' 'marauded']
 ['11' '210.63498447954922' 'presentdestroyed']
 ['21' '221.41852673068587' 'present']
 ['3' '222.96551735364204' 'present']
 ['11' '226.68553017781258' 'marauded']
 ['20' '230.91835478533753' 'destroyed']
 ['3' '233.046016378791' 'destroyed']
 ['11' '233.6150770696452' 'presentdestroyed']
 ['21' '234.09051884794943' 'presentdestroyed']
 ['21' '236.4429356871867' 'marauded']
 ['3' '261.8232097310782' 'present']
 ['21' '274.2996325678485' 'present']
 ['3' '275.2583968284491' 'present']
 ['13' '276.0681168949467' 'present']
 ['20' '280.62109519741546' 'present']
 ['13' '282.35736638117424' 'present']
 ['5' '287.2542052879258' 'present']
 ['13' '292.2446372425002' 'present']
 ['13' '298.8446143448357' 'marauded']
 ['21' '303.88162452150726' 'presentdestroyed']
 ['12' '331.5944585137918' 'present']
 ['3' '333.89895461407554' 'present']
 ['13' '334.8139053925864' 'present']
 ['21' '335.33903282733036' 'present']
 ['20' '338.1855836368436' 'present']
 ['20' '348.4596417729358' 'present']
 ['13' '349.729609051089' 'present']
 ['3' '353.16474346807945' 'present']
 ['5' '354.7834728925706' 'present']
 ['3' '355.7967681831404' 'present']]","[['F208' '86.4409751839712' 'destroyed']
 ['F120' '118.71915927838394' 'mated']
 ['F94' '186.049137853573' 'mated']
 ['F45' '186.73391054468746' 'mated']
 ['F28' '190.8919222778209' 'mated']
 ['F66' '196.4812134563444' 'mated']
 ['F172' '205.4471596849382' 'destroyed']
 ['F172' '205.47030783308637' 'destroyed']
 ['F104' '232.4929046324837' 'absentdestroyed']]",1500.0,1500.0,569.0,70.28927343065773,14.94245558367325,1435.0,237.98070890367913,50.681503971215285,287.0,49.07686175997752,10.355430936028174,6.0,0.6,0.06000000000000001,77.0,2.1009949053722443,0.060549554183813394
16,0.054,8,360.6496071711672,"[['3' '1.7417759740289258' 'present']
 ['0' '9.528661903598962' 'present']
 ['3' '15.850996939116019' 'present']
 ['1' '15.944973589467034' 'present']
 ['1' '19.910618464406898' 'marauded']
 ['21' '20.991618688955548' 'presentdestroyed']
 ['1' '22.200825214094472' 'destroyed']
 ['21' '27.56034196679554' 'present']
 ['12' '53.21199662349646' 'marauded']
 ['21' '55.21394630312236' 'destroyed']
 ['21' '58.729324831387274' 'presentdestroyed']
 ['21' '91.40089978007997' 'present']
 ['21' '94.17220544648441' 'marauded']
 ['3' '106.85798997950039' 'present']
 ['21' '108.32726483050791' 'present']
 ['1' '118.39581494787457' 'present']
 ['1' '121.72863982651175' 'present']
 ['1' '123.8697417290397' 'present']
 ['1' '124.48123252405645' 'present']
 ['1' '132.06556051444903' 'present']
 ['14' '132.90013870396547' 'marauded']
 ['1' '135.94996427924076' 'presentdestroyed']
 ['1' '150.28821010752512' 'present']
 ['14' '165.8990501721659' 'present']
 ['21' '170.3210541820195' 'present']
 ['3' '191.50621952772846' 'present']
 ['23' '194.59106832737228' 'present']
 ['21' '228.35044153996338' 'present']
 ['1' '233.43893764787177' 'present']
 ['3' '254.9196785537076' 'present']
 ['23' '263.9850557876406' 'present']
 ['21' '284.44403325941505' 'present']
 ['22' '288.89681743578376' 'present']
 ['3' '309.8500706926406' 'present']
 ['1' '332.09585800916085' 'present']
 ['0' '350.2440776471109' 'present']
 ['12' '358.04815796476' 'present']
 ['0' '359.01438183661156' 'present']]","[['F37' '49.738766397168106' 'mated']
 ['F147' '50.06298762158191' 'absent']
 ['F115' '158.43380347681745' 'mated']
 ['F190' '160.67392894953767' 'absent']
 ['F172' '205.49345598123452' 'mated']
 ['F8' '210.6751826182362' 'mated']
 ['F177' '217.7408700998073' 'mated']
 ['F72' '258.7641120577203' 'mated']
 ['F84' '296.30560577612266' 'mated']
 ['F100' '358.1028758247719' 'mated']]",2000.0,0.0,563.0,69.22293370056747,14.307360878086266,1541.0,262.28755227115266,56.52001580443643,144.0,24.718635352283847,5.367471787068815,12.0,1.2,0.12000000000000005,82.0,2.574126211087574,0.09109224965706453
17,0.0,6,360.03204217508784,"[['0' '1.48034543413028' 'present']
 ['22' '11.486029417960934' 'marauded']
 ['12' '12.12433167776565' 'presentdestroyed']
 ['0' '13.045557468599014' 'presentdestroyed']
 ['0' '16.105262611228355' 'destroyed']
 ['0' '28.00136929005214' 'present']
 ['18' '32.17471360795591' 'present']
 ['0' '36.53498504744477' 'present']
 ['18' '46.280337891918016' 'present']
 ['22' '47.26845471105535' 'present']
 ['8' '48.46952280596823' 'present']
 ['0' '51.92581250665361' 'present']
 ['0' '55.73760730719298' 'present']
 ['3' '63.83470250744193' 'present']
 ['0' '64.44206761456613' 'present']
 ['0' '68.41372988640715' 'present']
 ['0' '77.90003980248818' 'present']
 ['23' '78.27589749400934' 'present']
 ['22' '80.98486059727465' 'present']
 ['22' '81.19928440465594' 'present']
 ['18' '99.29926980722243' 'present']
 ['3' '103.08150745753788' 'present']
 ['22' '104.33158334190388' 'present']
 ['8' '108.52949887776818' 'present']
 ['23' '109.82432542340918' 'present']
 ['0' '112.47343528609643' 'present']
 ['23' '114.47087419108705' 'marauded']
 ['23' '123.63110812803846' 'marauded']
 ['23' '128.0935102017232' 'destroyed']
 ['8' '133.09561332683913' 'present']
 ['0' '141.01903410758405' 'present']
 ['3' '144.74790723109234' 'marauded']
 ['22' '149.68419902286414' 'destroyed']
 ['23' '160.46773600015177' 'present']
 ['3' '175.0225764595915' 'present']
 ['0' '179.7093233725242' 'present']
 ['22' '185.33572955191494' 'present']
 ['0' '192.8574174380219' 'present']
 ['23' '193.2568868439458' 'present']
 ['3' '195.3400483642014' 'present']
 ['3' '196.7237469496106' 'present']
 ['22' '196.81138040927954' 'present']
 ['0' '204.94936415269254' 'present']
 ['22' '236.8473282286192' 'present']
 ['22' '237.6963623935173' 'present']
 ['23' '239.16323549048727' 'present']
 ['8' '240.65539864876854' 'marauded']
 ['0' '241.24528551223466' 'presentdestroyed']
 ['0' '253.27442659827275' 'present']
 ['22' '253.4248375146739' 'marauded']
 ['23' '255.78634241981527' 'presentdestroyed']
 ['0' '261.9158146174328' 'present']
 ['0' '271.737182129526' 'present']
 ['3' '272.43194433878' 'marauded']
 ['18' '273.0921662410231' 'presentdestroyed']
 ['0' '282.7437031681163' 'present']
 ['0' '283.00589165017203' 'present']
 ['0' '295.53289129832893' 'present']
 ['22' '297.0920756819864' 'present']
 ['22' '302.00404715473263' 'present']
 ['23' '303.2109020939318' 'present']
 ['18' '305.0726111543587' 'present']
 ['4' '310.35353887090935' 'present']
 ['8' '313.849479282956' 'present']
 ['0' '318.05142359544465' 'present']
 ['0' '319.7616082112456' 'present']
 ['0' '321.177654785042' 'present']
 ['0' '328.67365760076245' 'present']
 ['0' '333.0434365068759' 'present']
 ['0' '336.9349612378649' 'present']
 ['23' '338.22072860591834' 'present']
 ['12' '344.70175862189944' 'present']
 ['22' '349.2280950256992' 'present']
 ['0' '350.6330844216081' 'present']
 ['0' '355.1443590917979' 'marauded']
 ['8' '358.94401003517277' 'destroyed']]","[['F89' '71.0371450609189' 'mated']
 ['F25' '81.39509786591151' 'mated']
 ['F148' '123.95796848699193' 'destroyed']
 ['F44' '148.2215802128548' 'absentdestroyed']
 ['F197' '150.04821410596986' 'absentdestroyed']
 ['F190' '160.70666537459257' 'mated']
 ['F52' '184.7363561990369' 'mated']
 ['F78' '213.84748633207775' 'mated']
 ['F173' '244.73178331918098' 'destroyed']
 ['F75' '315.16724606493426' 'mated']]",2000.0,500.0,566.0,74.2534944598933,15.27052260255866,1402.0,239.30727745465634,52.118879967568205,279.0,46.59117995918397,10.08442024484751,0.0,0.0,0.0,0.0,0.0,0.0
18,0.054,11,360.5682072243122,"[['13' '1.257078207313368' 'present']
 ['6' '26.8581154773344' 'present']
 ['23' '39.794262464792695' 'present']
 ['20' '44.5774928590454' 'present']
 ['20' '58.569645237525826' 'present']
 ['20' '64.00581152317226' 'present']
 ['23' '72.73400026586636' 'marauded']
 ['23' '73.11784278129953' 'presentdestroyed']
 ['12' '78.46304765430486' 'presentdestroyed']
 ['23' '83.72686258855668' 'present']
 ['20' '86.05951368661229' 'present']
 ['20' '86.6820177953832' 'present']
 ['20' '87.54851350323646' 'marauded']
 ['23' '123.40819627545937' 'present']
 ['23' '126.04546393754623' 'present']
 ['23' '135.08623788192457' 'present']
 ['23' '135.23615658742418' 'present']
 ['20' '139.09495199759593' 'marauded']
 ['20' '145.22758327409056' 'presentdestroyed']
 ['23' '163.92476758561705' 'present']
 ['15' '173.943553798456' 'present']
 ['23' '178.3895557853009' 'present']
 ['23' '180.51894086860204' 'marauded']
 ['23' '188.03664262588222' 'present']
 ['20' '193.28556049790677' 'present']
 ['20' '199.95406041235768' 'present']
 ['23' '218.47558734898618' 'present']
 ['13' '221.60810897767252' 'present']
 ['6' '222.45824842307033' 'present']
 ['20' '228.73897579659135' 'present']
 ['23' '245.95667424912324' 'present']
 ['4' '253.62777946872916' 'present']
 ['23' '260.2366929429454' 'present']
 ['20' '260.66215794289235' 'present']
 ['23' '275.41816815266407' 'present']
 ['22' '280.2538972058592' 'present']
 ['6' '294.74101575183204' 'present']
 ['23' '295.8124727002559' 'present']
 ['23' '304.5274024190337' 'present']
 ['20' '305.39511401095115' 'present']
 ['23' '308.38834830493556' 'present']
 ['23' '323.67260204333434' 'marauded']
 ['23' '324.72289381566964' 'presentdestroyed']
 ['23' '326.97353119007784' 'presentdestroyed']
 ['20' '329.28924781266244' 'presentdestroyed']
 ['20' '336.41078027255327' 'present']
 ['23' '337.64322956779387' 'present']
 ['6' '358.37011222704444' 'present']]","[['F108' '55.59053358830019' 'absent']
 ['F81' '56.426159143945256' 'mated']
 ['F89' '71.01126464451265' 'absent']
 ['F85' '91.75904819732716' 'destroyed']
 ['F95' '92.63052821550954' 'destroyed']
 ['F213' '96.30332103918573' 'mated']
 ['F40' '96.43120505364072' 'absent']
 ['F65' '106.89651456339932' 'mated']
 ['F56' '107.41016767789067' 'mated']
 ['F61' '132.70295496737336' 'mated']
 ['F163' '161.50855030899442' 'mated']
 ['F71' '161.89347699404627' 'mated']
 ['F3' '185.10056222343414' 'absentdestroyed']
 ['F67' '188.36135916203557' 'mated']
 ['F91' '194.52000136412525' 'absent']
 ['F145' '211.0691193851732' 'mated']
 ['F199' '287.05578669335074' 'mated']
 ['F55' '298.12294564439975' 'absent']
 ['F19' '310.91447673161366' 'mated']
 ['F46' '312.8610942581583' 'absent']]",2000.0,1000.0,570.0,71.62768483482485,14.43836521050488,1560.0,254.65281223240214,52.90614652426119,188.0,30.615854737050615,6.054692791899178,12.0,1.2,0.12000000000000005,82.0,2.121585088946726,0.060549554183813324
19,0.0,13,360.24061103197954,"[['0' '0.8260818805074223' 'marauded']
 ['21' '1.4854466376797544' 'presentdestroyed']
 ['5' '1.5812416897867376' 'presentdestroyed']
 ['5' '6.8619810271128445' 'presentdestroyed']
 ['0' '7.2418658937781855' 'destroyed']
 ['18' '7.410660373726195' 'destroyed']
 ['5' '9.229171530674867' 'present']
 ['21' '9.712157722641429' 'marauded']
 ['7' '11.606898595128381' 'destroyed']
 ['13' '12.582979085421291' 'presentdestroyed']
 ['18' '12.814762819887386' 'presentdestroyed']
 ['7' '15.40214128319685' 'destroyed']
 ['13' '15.562647309456555' 'presentdestroyed']
 ['6' '19.346398524986657' 'present']
 ['21' '21.86701812436864' 'marauded']
 ['13' '22.45992128532795' 'presentdestroyed']
 ['13' '22.71903327360704' 'presentdestroyed']
 ['6' '30.23314741417183' 'present']
 ['23' '31.507222924382916' 'present']
 ['7' '35.14949334101774' 'present']
 ['5' '38.05714177804505' 'present']
 ['7' '40.39789134299565' 'present']
 ['15' '48.05617068802884' 'present']
 ['5' '48.33314910311135' 'present']
 ['5' '52.94137272219619' 'present']
 ['7' '53.49433122422582' 'present']
 ['6' '54.11368122202472' 'present']
 ['7' '56.09482235247831' 'present']
 ['13' '56.584826268498055' 'present']
 ['21' '59.500809594793' 'marauded']
 ['5' '62.43062609095157' 'presentdestroyed']
 ['7' '63.67780588284568' 'presentdestroyed']
 ['7' '63.700954030993834' 'presentdestroyed']
 ['5' '64.02464650324382' 'presentdestroyed']
 ['0' '66.68181586640738' 'present']
 ['7' '74.66664982070367' 'present']
 ['7' '74.72124625921931' 'present']
 ['5' '77.36580643594306' 'present']
 ['5' '77.86805210113683' 'present']
 ['5' '78.34685550852224' 'marauded']
 ['0' '82.2118902318444' 'presentdestroyed']
 ['6' '83.21288379199083' 'presentdestroyed']
 ['5' '85.34946739743047' 'presentdestroyed']
 ['7' '93.31113671845928' 'present']
 ['5' '93.91282772883706' 'present']
 ['7' '98.77917736223529' 'marauded']
 ['15' '98.80504137231549' 'destroyed']
 ['5' '99.2477255315298' 'presentdestroyed']
 ['21' '103.73411017352008' 'destroyed']
 ['5' '108.33471824665422' 'marauded']
 ['7' '110.0998824138469' 'presentdestroyed']
 ['13' '115.8544514046242' 'marauded']
 ['8' '119.40586529841737' 'presentdestroyed']
 ['6' '121.23948374941035' 'presentdestroyed']
 ['0' '122.36725698284286' 'presentdestroyed']
 ['7' '126.09756661397266' 'present']
 ['5' '127.32403627765488' 'present']
 ['6' '129.5785278240022' 'present']
 ['15' '135.04046351966528' 'marauded']
 ['15' '136.10133219735218' 'presentdestroyed']
 ['0' '137.98672139781047' 'presentdestroyed']
 ['7' '140.99176490133274' 'presentdestroyed']
 ['5' '150.9907853362618' 'present']
 ['15' '153.4410867176637' 'present']
 ['23' '155.18019756173595' 'marauded']
 ['13' '156.3659545849817' 'presentdestroyed']
 ['8' '157.16892085698734' 'presentdestroyed']
 ['8' '164.9444779932918' 'present']
 ['5' '167.9408627745802' 'present']
 ['21' '169.92084572730846' 'present']
 ['18' '172.3183868780104' 'present']
 ['5' '172.75228044689743' 'present']
 ['13' '179.11495397352323' 'present']
 ['0' '180.22004102626295' 'present']
 ['7' '182.88751585299661' 'present']
 ['5' '182.91806256093406' 'present']
 ['5' '187.74741509284095' 'marauded']
 ['13' '188.48132515610723' 'presentdestroyed']
 ['13' '188.72221700739757' 'destroyed']
 ['16' '190.0362198676136' 'destroyed']
 ['23' '191.69289526079078' 'presentdestroyed']
 ['8' '197.08335601545213' 'present']
 ['5' '197.9390246274906' 'present']
 ['0' '202.58357461981848' 'present']
 ['5' '215.598098873346' 'present']
 ['13' '218.47756121828485' 'present']
 ['7' '221.2044544540353' 'present']
 ['18' '221.87734372053347' 'present']
 ['21' '225.54440595199878' 'present']
 ['6' '233.2927478881482' 'marauded']
 ['21' '234.1349611849409' 'presentdestroyed']
 ['6' '234.4649376794818' 'presentdestroyed']
 ['5' '237.82917223710606' 'presentdestroyed']
 ['18' '245.04245126189056' 'present']
 ['5' '245.1284563579713' 'present']
 ['5' '245.98162176581616' 'present']
 ['13' '251.4407302153803' 'present']
 ['5' '254.07709440290992' 'marauded']
 ['0' '261.94375690403433' 'present']
 ['7' '262.62686629350753' 'present']
 ['18' '263.6892793679415' 'present']
 ['13' '264.454337306219' 'marauded']
 ['0' '264.9736280460687' 'destroyed']
 ['8' '266.24761444288936' 'presentdestroyed']
 ['23' '266.6277046841297' 'presentdestroyed']
 ['16' '267.2060030072609' 'presentdestroyed']
 ['0' '273.80083469276616' 'present']
 ['5' '277.30167001722214' 'present']
 ['8' '278.37239356365166' 'present']
 ['16' '278.5540680243163' 'present']
 ['21' '280.26729779232716' 'present']
 ['15' '280.8069908902639' 'present']
 ['16' '280.8094650879388' 'present']
 ['7' '281.1619011570256' 'present']
 ['6' '283.61995891496525' 'present']
 ['6' '288.7279874225663' 'present']
 ['18' '289.6987210464349' 'present']
 ['15' '291.1449588131297' 'present']
 ['21' '292.9286283701063' 'present']
 ['15' '294.0580918471902' 'present']
 ['0' '295.0427780871275' 'present']
 ['5' '296.23867977657596' 'present']
 ['15' '298.2787225801994' 'present']
 ['0' '299.4291732843732' 'marauded']
 ['18' '300.21202358829134' 'presentdestroyed']
 ['0' '301.48486276372284' 'destroyed']
 ['6' '308.5730691296399' 'present']
 ['6' '311.5877619328103' 'marauded']
 ['7' '314.91074534850395' 'presentdestroyed']
 ['0' '316.60778534669555' 'presentdestroyed']
 ['6' '317.8613344109851' 'presentdestroyed']
 ['6' '319.5999879326212' 'presentdestroyed']
 ['8' '322.62843835916' 'present']
 ['5' '328.1319152850943' 'present']
 ['5' '329.0177067667119' 'present']
 ['0' '330.262366455115' 'present']
 ['18' '335.73908088822293' 'present']
 ['18' '337.05753320455455' 'present']
 ['5' '338.0172343106935' 'present']
 ['7' '340.89629477829334' 'present']
 ['5' '343.83152073094675' 'present']
 ['7' '345.54998696575285' 'present']
 ['0' '348.4846564912635' 'present']
 ['21' '350.6988161163051' 'present']
 ['15' '351.28085492038196' 'present']
 ['6' '357.3529361158342' 'present']
 ['5' '358.18994312425843' 'present']]","[['F49' '41.7385476055851' 'absent']
 ['F144' '43.252761528814545' 'absent']
 ['F99' '50.43041714468032' 'mated']
 ['F139' '62.46867652495939' 'destroyed']
 ['F119' '88.00139325990042' 'mated']
 ['F164' '89.00775276790121' 'mated']
 ['F30' '92.5022759300559' 'mated']
 ['F95' '92.61895414143547' 'absent']
 ['F90' '130.7260949848006' 'mated']
 ['F126' '133.3020348482306' 'absent']
 ['F155' '133.45229942554425' 'absent']
 ['F191' '141.8892929920367' 'destroyed']
 ['F163' '161.49697623492034' 'absentdestroyed']
 ['F86' '167.48044500835334' 'absent']
 ['F70' '174.52213411587059' 'absent']
 ['F113' '205.41904247583014' 'mated']
 ['F114' '208.63191969968975' 'mated']
 ['F169' '243.0595660549707' 'mated']
 ['F142' '243.5959878873978' 'mated']
 ['F127' '289.8522434782718' 'mated']
 ['F63' '309.73006914281854' 'mated']
 ['F48' '338.3581880531338' 'mated']
 ['F53' '344.6025433947376' 'mated']]",2000.0,1500.0,554.0,68.327600058594,13.957862336212958,1146.0,194.03349720060615,42.07887496233461,566.0,97.6976811356457,20.99763630375246,0.0,0.0,0.0,0.0,0.0,0.0
20,0.054,7,360.41378923492647,"[['15' '8.332665900376698' 'present']
 ['15' '14.852453777591862' 'present']
 ['15' '17.27627931980304' 'present']
 ['15' '23.467130205205176' 'present']
 ['15' '30.269097815550076' 'present']
 ['14' '34.6911441532634' 'present']
 ['8' '35.86526326017117' 'present']
 ['18' '36.865929297801635' 'present']
 ['18' '38.25562631722536' 'present']
 ['18' '41.115692840137406' 'present']
 ['15' '45.24263647310894' 'marauded']
 ['8' '45.67933177806616' 'presentdestroyed']
 ['8' '46.21741013051462' 'presentdestroyed']
 ['18' '47.91394837860383' 'presentdestroyed']
 ['15' '53.807420979537575' 'present']
 ['18' '54.30772412823593' 'present']
 ['15' '57.74468173072621' 'present']
 ['14' '57.81401756152145' 'present']
 ['8' '58.35002180955581' 'present']
 ['14' '58.41157286361885' 'present']
 ['8' '61.7763088103432' 'present']
 ['18' '65.1397847942803' 'marauded']
 ['8' '73.3457259062733' 'present']
 ['12' '76.40539867242836' 'present']
 ['15' '77.95229101800444' 'present']
 ['0' '78.82271771952901' 'present']
 ['18' '85.9952707031512' 'present']
 ['14' '93.38025886227759' 'present']
 ['1' '96.80655345168029' 'present']
 ['14' '96.9652249657705' 'present']
 ['15' '102.42530555566647' 'present']
 ['15' '106.28334871681957' 'present']
 ['11' '110.78175200910553' 'marauded']
 ['15' '123.83085216211516' 'present']
 ['14' '126.40313689079983' 'present']
 ['0' '128.24435928224807' 'marauded']
 ['14' '128.28232942841484' 'presentdestroyed']
 ['14' '132.61812851506224' 'presentdestroyed']
 ['8' '133.12355561344066' 'destroyed']
 ['8' '138.62180420911528' 'present']
 ['0' '141.05648859806436' 'present']
 ['12' '143.60608132518158' 'present']
 ['14' '144.23143084372987' 'present']
 ['8' '145.51710329731378' 'present']
 ['21' '146.62061795072128' 'present']
 ['18' '147.1290470470096' 'marauded']
 ['15' '148.62335526510495' 'presentdestroyed']
 ['14' '157.8718601117528' 'present']
 ['8' '164.7726085184109' 'present']
 ['18' '169.74091775356916' 'marauded']
 ['8' '174.7410632479196' 'presentdestroyed']
 ['12' '178.141035254335' 'present']
 ['14' '178.54916077518885' 'present']
 ['16' '183.84778389588044' 'present']
 ['15' '187.64714340432408' 'present']
 ['12' '192.83698515426315' 'present']
 ['14' '200.23650688920517' 'present']
 ['15' '226.04535534036813' 'present']
 ['1' '227.87640448686133' 'present']
 ['18' '229.47977290826353' 'present']
 ['18' '233.15784702334304' 'present']
 ['16' '233.83886099317658' 'present']
 ['15' '245.23094120094333' 'marauded']
 ['1' '245.2859713521963' 'destroyed']
 ['12' '246.20950320848488' 'presentdestroyed']
 ['15' '252.40036305824196' 'presentdestroyed']
 ['18' '255.7379024453014' 'present']
 ['15' '259.30063831630713' 'present']
 ['11' '265.2480529469785' 'present']
 ['8' '266.2918421889066' 'present']
 ['18' '268.4884510341095' 'present']
 ['14' '275.8967110757875' 'present']
 ['18' '277.74839690739867' 'present']
 ['18' '280.19328352699597' 'present']
 ['21' '282.05217413741644' 'present']
 ['18' '283.4274638698327' 'marauded']
 ['1' '284.61706490818517' 'presentdestroyed']
 ['8' '291.1411581433946' 'present']
 ['18' '292.05014769178575' 'present']
 ['1' '295.30978955250265' 'marauded']
 ['8' '309.2393141346744' 'marauded']
 ['21' '310.9179573028108' 'presentdestroyed']
 ['15' '311.04867781513184' 'presentdestroyed']
 ['15' '311.2807357706333' 'destroyed']
 ['14' '313.56769751482227' 'presentdestroyed']
 ['14' '331.96395053111337' 'present']
 ['18' '332.862183638691' 'present']
 ['15' '333.77396995655175' 'present']
 ['8' '356.9050037705817' 'present']]","[['F38' '0.28280752909560436' 'mated']
 ['F0' '33.35628505433823' 'mated']
 ['F37' '49.71082411056656' 'destroyed']
 ['F108' '55.602107662374266' 'mated']
 ['F208' '86.45254925804528' 'mated']
 ['F40' '96.4427791277148' 'mated']
 ['F74' '99.37811252595438' 'absent']
 ['F167' '113.15625608691916' 'destroyed']
 ['F94' '186.03756377949892' 'absent']
 ['F60' '192.03080685613332' 'absent']
 ['F91' '194.50842729005117' 'absent']
 ['F172' '205.4587337590123' 'absent']
 ['F170' '245.34739708180865' 'destroyed']
 ['F43' '275.31300142009786' 'mated']
 ['F187' '277.3959326195347' 'mated']]",2500.0,0.0,560.0,70.48863767259301,14.1202146849615,1331.0,225.16400308102678,48.1137472009195,359.0,60.98593578625948,12.775020194303856,11.0,1.0999999999999999,0.11000000000000004,86.0,2.277932609776259,0.06376457475994507
21,0.054,10,359.97249076106556,"[['16' '0.6523824796015413' 'present']
 ['4' '7.764046427677741' 'present']
 ['12' '7.764916318854739' 'present']
 ['12' '10.321022436271907' 'marauded']
 ['6' '16.716052479929566' 'presentdestroyed']
 ['20' '22.443251709246294' 'present']
 ['15' '24.244548119774212' 'present']
 ['16' '27.643388529838123' 'present']
 ['16' '28.466917955739074' 'present']
 ['12' '33.949648177349246' 'present']
 ['15' '34.34772715715653' 'present']
 ['11' '36.619066704074996' 'present']
 ['4' '43.72499407742409' 'present']
 ['15' '45.36578462125709' 'present']
 ['16' '46.41743408802979' 'marauded']
 ['16' '50.28933982798341' 'presentdestroyed']
 ['16' '65.7988832380406' 'present']
 ['16' '71.43632170788248' 'marauded']
 ['15' '77.46419971085831' 'presentdestroyed']
 ['12' '78.79830496076346' 'destroyed']
 ['6' '84.91182462083351' 'present']
 ['6' '88.87470873110847' 'present']
 ['6' '90.88197070243805' 'present']
 ['15' '92.788189784139' 'present']
 ['15' '99.62331930199119' 'present']
 ['15' '101.84631575706099' 'present']
 ['15' '105.30148582916084' 'present']
 ['4' '105.49764812099568' 'present']
 ['11' '105.55870496138878' 'present']
 ['12' '108.76270274610836' 'present']
 ['16' '112.77776378396244' 'present']
 ['16' '113.14976108806728' 'present']
 ['15' '115.8775706160646' 'present']
 ['16' '116.76265113531299' 'present']
 ['12' '120.61952043862651' 'present']
 ['4' '124.74353674176288' 'present']
 ['15' '126.23370479223601' 'present']
 ['4' '126.45128423578095' 'present']
 ['4' '131.6840422912217' 'present']
 ['16' '132.79141044390948' 'present']
 ['12' '136.93096587497504' 'present']
 ['6' '139.67839687618317' 'present']
 ['4' '142.84959901119376' 'present']
 ['6' '143.23156785005972' 'present']
 ['12' '144.14506498632082' 'present']
 ['6' '148.04154344760076' 'present']
 ['8' '149.7903358106117' 'present']
 ['12' '156.10803779703247' 'present']
 ['16' '169.69593092793184' 'present']
 ['12' '171.2494021972562' 'marauded']
 ['16' '172.1431507682826' 'presentdestroyed']
 ['12' '175.04730787437444' 'presentdestroyed']
 ['11' '180.1374782566874' 'present']
 ['11' '191.72749094905237' 'present']
 ['12' '200.91662908789212' 'present']
 ['16' '202.54704152290066' 'present']
 ['12' '202.80898445180145' 'present']
 ['15' '203.09031196874437' 'present']
 ['4' '206.41793695991316' 'present']
 ['12' '206.63178159839603' 'present']
 ['12' '208.19280907240866' 'present']
 ['12' '223.27517121924765' 'present']
 ['16' '225.496651651034' 'present']
 ['12' '226.01991035298724' 'present']
 ['12' '228.68902875325952' 'present']
 ['16' '232.45921058895038' 'present']
 ['12' '239.45944587575215' 'present']
 ['4' '241.14645192866377' 'present']
 ['20' '243.0106819149004' 'present']
 ['16' '243.40386175669255' 'present']
 ['16' '248.12618586214694' 'marauded']
 ['6' '249.76656939881403' 'presentdestroyed']
 ['15' '257.2322054777395' 'present']
 ['16' '264.0267383926219' 'marauded']
 ['11' '265.2855074374588' 'presentdestroyed']
 ['11' '265.7789652369842' 'destroyed']
 ['16' '269.36077395265795' 'presentdestroyed']
 ['15' '273.3807614099848' 'present']
 ['12' '276.28223791424386' 'present']
 ['11' '280.48758122673746' 'present']
 ['12' '283.36221532697203' 'present']
 ['11' '285.0444196093518' 'present']
 ['16' '286.2565022394838' 'present']
 ['4' '302.0995877273887' 'present']
 ['11' '307.2923011811292' 'present']
 ['11' '309.05530305447274' 'present']
 ['20' '317.23184921767097' 'present']
 ['20' '319.12979991556375' 'marauded']
 ['4' '322.71511616006677' 'presentdestroyed']
 ['15' '330.30594590939666' 'present']
 ['4' '340.4593851751712' 'present']
 ['15' '352.055709532522' 'marauded']
 ['4' '354.56305302539386' 'destroyed']
 ['11' '357.0995023337804' 'presentdestroyed']
 ['20' '358.6154965737535' 'destroyed']]","[['F37' '49.72719232309403' 'destroyed']
 ['F147' '50.07456169565599' 'destroyed']
 ['F202' '138.0058938050558' 'mated']
 ['F215' '142.1377137303412' 'mated']
 ['F70' '174.5105600417965' 'destroyed']
 ['F83' '191.50831198918104' 'mated']
 ['F60' '192.04717506866078' 'mated']
 ['F91' '194.5431495122734' 'mated']
 ['F114' '196.59719747746752' 'absent']
 ['F114' '196.62034562561567' 'absent']
 ['F172' '205.48188190716044' 'absent']
 ['F146' '206.3147680628494' 'mated']
 ['F104' '232.50447870655776' 'mated']
 ['F137' '234.9839777810193' 'mated']
 ['F42' '263.57436212001573' 'mated']
 ['F176' '280.9991545897399' 'mated']
 ['F136' '314.3986892396734' 'absent']]",2500.0,500.0,562.0,68.41256168160257,13.665820437863378,1432.0,239.76984149736757,51.15974816353452,294.0,49.00577196591581,10.326779710700482,12.0,1.2,0.12000000000000005,67.0,1.6276321411802024,0.04018775720164607
22,0.054,6,360.6063667042616,"[['4' '3.822551962912459' 'present']
 ['13' '14.777594774340251' 'present']
 ['5' '24.449226417715032' 'present']
 ['13' '29.190688810833148' 'present']
 ['5' '36.3288247281396' 'present']
 ['13' '42.52577500237563' 'present']
 ['4' '47.66375593986732' 'present']
 ['13' '47.91087654992351' 'present']
 ['13' '54.635209161675114' 'present']
 ['4' '56.17768394337964' 'present']
 ['5' '64.61428367152187' 'present']
 ['5' '70.1965783002564' 'present']
 ['13' '74.12870578052919' 'present']
 ['13' '75.09484760005694' 'present']
 ['4' '89.63532749375065' 'present']
 ['4' '93.37621033368256' 'marauded']
 ['13' '95.47246612485102' 'presentdestroyed']
 ['5' '112.03957772513708' 'marauded']
 ['11' '115.85294705105163' 'presentdestroyed']
 ['13' '123.06876542398915' 'marauded']
 ['4' '166.53398016749418' 'marauded']
 ['11' '185.3377415461141' 'marauded']
 ['13' '193.47082179304232' 'present']
 ['13' '206.99119019407536' 'present']
 ['5' '218.61894927038728' 'present']
 ['4' '228.77207311241085' 'present']
 ['13' '245.37479021894686' 'present']
 ['4' '255.67803607972607' 'marauded']
 ['4' '256.0148003749425' 'presentdestroyed']
 ['13' '257.7960557147501' 'presentdestroyed']
 ['13' '265.0078468137535' 'present']
 ['4' '279.7291984542372' 'present']
 ['5' '281.4468304412122' 'present']
 ['13' '282.8983088937511' 'present']
 ['4' '293.5741499805126' 'present']
 ['4' '297.2506498810352' 'present']
 ['5' '301.8282033776833' 'present']
 ['5' '330.6125242421042' 'present']
 ['13' '337.93431470874356' 'present']
 ['5' '339.4693449930588' 'present']
 ['4' '350.8879836937537' 'marauded']]","[['F11' '24.96023091567977' 'mated']
 ['F150' '42.28945298738978' 'absent']
 ['F101' '79.90832733550323' 'mated']
 ['F112' '119.39136135824039' 'destroyed']
 ['F128' '137.63876002288833' 'mated']
 ['F116' '147.95363777470502' 'mated']
 ['F6' '165.54145119837926' 'mated']
 ['F94' '185.99804741882332' 'destroyed']
 ['F121' '222.07486479295088' 'absent']
 ['F17' '265.7357182503665' 'mated']
 ['F55' '286.0371329874278' 'absent']
 ['F55' '286.06028113557596' 'absent']]",2500.0,1000.0,550.0,70.30299399594976,14.549807562805787,1442.0,243.476460113349,52.39064714354761,250.0,42.55911830137551,9.17284110589482,14.0,1.4000000000000001,0.14000000000000007,80.0,2.3139592113064453,0.07233796296296295
23,0.054,6,360.45816394874464,"[['11' '1.4559444105381987' 'present']
 ['1' '8.68467614449491' 'present']
 ['11' '11.541100117202815' 'marauded']
 ['1' '13.11732405978715' 'presentdestroyed']
 ['18' '20.058105250059405' 'present']
 ['18' '23.35574598607776' 'marauded']
 ['7' '23.869171129174216' 'presentdestroyed']
 ['8' '74.91258755412437' 'present']
 ['6' '114.84481498785117' 'present']
 ['16' '128.22985755172385' 'present']
 ['16' '146.40360859592786' 'present']
 ['18' '154.67637371869432' 'present']
 ['18' '162.98233754055926' 'present']
 ['16' '189.83878115898764' 'present']
 ['18' '199.18561006408402' 'present']
 ['8' '204.21608639546892' 'present']
 ['16' '213.63539039965917' 'present']
 ['1' '220.38970317302508' 'present']
 ['18' '222.14617708197056' 'marauded']
 ['1' '234.17952955413813' 'present']
 ['8' '276.6125295336836' 'marauded']
 ['18' '287.47968690304026' 'present']
 ['18' '290.47863327653613' 'present']
 ['18' '295.13768322703095' 'present']
 ['11' '325.63807459073377' 'present']
 ['18' '353.39174288181437' 'present']]","[['F24' '91.66052610304214' 'mated']
 ['F152' '124.49544241714665' 'mated']
 ['F31' '127.05782912516992' 'absent']
 ['F135' '144.46271394706466' 'mated']
 ['F165' '179.82740594539004' 'mated']
 ['F194' '186.55421011020312' 'mated']
 ['F130' '190.39844454764153' 'mated']]",2500.0,1500.0,557.0,70.1943828576622,15.022173717314704,1535.0,261.0023670350407,55.94058525547633,141.0,24.247406056238034,5.135969149241089,17.0,1.7000000000000004,0.1700000000000001,89.0,2.869289787170698,0.09698645404663918
