id,probability_maraud,successful_mating,next_foraging_time,mar_attempts,mate_attempts,x_pos,y_pos,foraging_events,foraging_hrs,foraging_sqhrs,staying_events,staying_hrs,staying_sqhrs,repairing_events,repairing_hrs,repairing_sqhrs,marauding_events,marauding_hrs,marauding_sqhrs,traveling_events,traveling_hrs,traveling_sqhrs
0,0.054,9,360.5077354427132,"[['18' '23.518586358926846' 'present']
 ['9' '31.392295472142' 'marauded']
 ['18' '33.46370409189444' 'presentdestroyed']
 ['9' '53.908563821734504' 'present']
 ['7' '83.89779856208362' 'marauded']
 ['12' '84.88621219941545' 'destroyed']
 ['18' '94.36389571231679' 'present']
 ['11' '100.65561887697959' 'present']
 ['7' '101.22000770614845' 'present']
 ['7' '109.25064648470537' 'present']
 ['7' '114.64352663323375' 'present']
 ['4' '127.33291522059014' 'present']
 ['5' '133.83573649365562' 'present']
 ['12' '158.3508597543458' 'present']
 ['7' '207.56461523610903' 'marauded']
 ['18' '211.49184607095302' 'presentdestroyed']
 ['11' '214.66335962370604' 'presentdestroyed']
 ['4' '220.37063607973502' 'marauded']
 ['9' '231.96426169176792' 'present']
 ['22' '237.34690799487876' 'present']
 ['11' '253.74438015057177' 'present']
 ['5' '258.57105735105307' 'present']
 ['4' '259.8267255343537' 'present']
 ['12' '269.1308691020119' 'present']
 ['13' '290.28758837990165' 'present']
 ['7' '295.8109828679597' 'present']
 ['4' '298.8565200682779' 'present']
 ['9' '299.97479121078413' 'present']
 ['4' '303.27611283737014' 'present']
 ['7' '317.5734725671249' 'present']
 ['5' '333.67339525622975' 'present']
 ['13' '358.0113328316975' 'present']]","[['F66' '30.904967629450237' 'mated']
 ['F29' '91.88460592548603' '']
 ['F124' '100.7708770635745' 'mated']
 ['F98' '139.02354524173754' 'absent']
 ['F106' '163.95527505848668' 'mated']
 ['F113' '176.07430594721598' 'mated']
 ['F169' '190.2327409777177' 'mated']
 ['F180' '234.18263039496122' 'mated']
 ['F37' '275.30518666080565' 'mated']
 ['F78' '295.3506062679971' 'mated']
 ['F165' '350.11674490256394' 'mated']]",0.0,0.0,563.0,70.84964321759593,15.104871560246728,1548.0,262.2819516044501,56.63531103011254,151.0,24.35913577508834,5.13532462575226,18.0,1.8000000000000005,0.1800000000000001,90.0,0.7557008503005219,0.00713734567901235
1,0.0,8,360.26885265366076,"[['22' '4.206506743005867' 'present']
 ['4' '14.18955656430852' 'present']
 ['13' '15.297661058744355' 'present']
 ['0' '18.79314589680575' 'present']
 ['4' '33.00280518919581' 'present']
 ['22' '49.89238421043586' 'marauded']
 ['11' '60.369106203813864' 'present']
 ['7' '86.277384523131' 'present']
 ['7' '87.43266186147598' 'present']
 ['13' '110.11773739290916' 'present']
 ['13' '141.72975275582405' 'present']
 ['13' '150.73221892339225' 'present']
 ['5' '151.59314579869255' 'present']
 ['5' '158.27132021154208' 'present']
 ['0' '165.1330484243309' 'marauded']
 ['7' '167.84813125008503' 'presentdestroyed']
 ['9' '177.8162042815313' 'present']
 ['7' '197.47399851295802' 'present']
 ['5' '208.1974495843488' 'present']
 ['7' '213.11513846892962' 'present']
 ['13' '215.16815527015183' 'present']
 ['5' '217.9156440183632' 'present']
 ['18' '225.3165523743006' 'present']
 ['22' '232.2311482828207' 'present']
 ['0' '260.5607805558344' 'present']
 ['22' '261.83638031335965' 'present']
 ['18' '280.43461600702483' 'present']
 ['0' '283.53084937368146' 'marauded']
 ['22' '284.4529414123928' 'presentdestroyed']
 ['12' '288.1669972984515' 'presentdestroyed']
 ['4' '292.1491329712199' 'present']
 ['7' '305.8429768471288' 'present']
 ['18' '332.8892236658012' 'present']
 ['22' '344.178953110145' 'marauded']
 ['13' '345.27992668955886' 'presentdestroyed']
 ['13' '346.1168561495699' 'presentdestroyed']
 ['4' '353.78331865107106' 'present']]","[['F84' '94.91109674385122' 'mated']
 ['F174' '106.94980969533535' 'mated']
 ['F72' '126.71943096847446' 'mated']
 ['F79' '137.67121007690216' 'mated']
 ['F150' '139.80524631485375' 'mated']
 ['F96' '157.34575881538817' 'absent']
 ['F15' '165.80526210651337' 'absentdestroyed']
 ['F205' '172.98689666199473' 'mated']
 ['F178' '190.64477519431816' 'mated']
 ['F86' '209.11997111468585' 'absent']
 ['F10' '243.3090235249922' 'absent']
 ['F121' '268.3804457958989' 'mated']
 ['F165' '350.1144300877491' 'absentdestroyed']]",0.0,100.0,552.0,69.58409406318272,14.796581325855003,1568.0,266.10147094519925,57.67723964470156,145.0,24.431528370734313,5.195208456137097,0.0,0.0,0.0,0.0,0.0,0.0
2,0.0,14,360.0222523550435,"[['5' '14.552972046470522' 'present']
 ['12' '23.44575350063074' 'present']
 ['22' '67.14313936253708' 'marauded']
 ['22' '79.68223638789671' 'present']
 ['4' '98.70567289969644' 'marauded']
 ['0' '107.59754263611046' 'present']
 ['18' '110.18909564133017' 'present']
 ['13' '116.12177104237932' 'present']
 ['0' '117.97801085424418' 'present']
 ['12' '134.96723953069736' 'present']
 ['0' '135.38965125108314' 'present']
 ['5' '136.27878461335214' 'present']
 ['11' '142.75308682431015' 'present']
 ['7' '148.55832880057997' 'present']
 ['12' '162.32643796243516' 'present']
 ['0' '164.7794690275813' 'present']
 ['5' '166.37871468144232' 'marauded']
 ['4' '171.12650836132661' 'presentdestroyed']
 ['0' '175.01940982591324' 'present']
 ['22' '183.93819144926792' 'marauded']
 ['18' '190.40899654718828' 'presentdestroyed']
 ['0' '196.12509254205335' 'present']
 ['5' '204.27466955644445' 'present']
 ['9' '230.97943485475903' 'present']
 ['12' '231.93696190407903' 'present']
 ['12' '253.31246758215266' 'present']
 ['11' '263.06666006635555' 'present']
 ['13' '267.3926919683103' 'present']
 ['7' '277.85597344141195' 'marauded']
 ['5' '283.2419984306069' 'presentdestroyed']
 ['13' '288.0056036723373' 'marauded']
 ['7' '289.4644024815294' 'presentdestroyed']
 ['22' '316.38970574040593' 'present']
 ['4' '324.4017264039842' 'present']
 ['4' '335.841371264396' 'present']
 ['7' '341.9152282556906' 'marauded']
 ['22' '356.48176637772286' 'present']]","[['F29' '91.88923555511566' 'mated']
 ['F148' '97.25640171413066' 'mated']
 ['F181' '104.12937268112897' 'absentdestroyed']
 ['F34' '121.41612636035867' 'mated']
 ['F47' '127.47528876331307' 'mated']
 ['F70' '134.18825251766498' 'mated']
 ['F115' '142.88515707551383' 'mated']
 ['F51' '163.41523331515705' 'mated']
 ['F15' '165.8209283771977' 'mated']
 ['F3' '172.67887295391682' 'destroyed']
 ['F136' '179.86778487602777' 'mated']
 ['F116' '188.11033411539728' 'absentdestroyed']
 ['F53' '219.6121456126147' 'mated']
 ['F157' '233.6102279556197' 'mated']
 ['F1' '236.5649719158973' 'mated']
 ['F187' '255.6238745821997' 'mated']
 ['F134' '259.8676818473234' 'mated']
 ['F78' '295.34597663836746' '']
 ['F145' '345.34838180630464' 'destroyed']]",0.0,200.0,575.0,67.79157976608883,12.738033937335118,1459.0,249.46927271872553,53.04699882340327,261.0,42.84954326102106,8.827802734264454,0.0,0.0,0.0,0.0,0.0,0.0
3,0.0,4,360.06776161112055,"[['9' '3.5733295026315655' 'present']
 ['22' '4.7045268893843035' 'present']
 ['18' '7.063239202784317' 'marauded']
 ['0' '13.34344619496551' 'presentdestroyed']
 ['22' '14.70935651178252' 'marauded']
 ['0' '19.91284369265795' 'presentdestroyed']
 ['18' '25.634233060526974' 'present']
 ['4' '27.96495204534346' 'present']
 ['11' '28.4941451712016' 'marauded']
 ['5' '32.6950734883925' 'presentdestroyed']
 ['7' '36.79719029396728' 'present']
 ['5' '39.118748398819946' 'marauded']
 ['7' '42.967857745719584' 'destroyed']
 ['0' '47.408056771847406' 'marauded']
 ['4' '56.920251623774476' 'present']
 ['7' '70.2729797218019' 'present']
 ['11' '73.47276801142448' 'present']
 ['9' '80.2594837863671' 'marauded']
 ['4' '129.1849311100446' 'present']
 ['9' '130.73544477818794' 'present']
 ['22' '135.96783206327964' 'present']
 ['22' '142.14983320961989' 'marauded']
 ['9' '143.56349366955476' 'presentdestroyed']
 ['11' '147.45092127734821' 'presentdestroyed']
 ['12' '199.81107183415494' 'present']
 ['13' '202.18991066330537' 'present']
 ['4' '243.07891669050778' 'present']
 ['13' '243.19750909969704' 'present']
 ['0' '248.32190200664277' 'marauded']
 ['5' '251.14041811138145' 'presentdestroyed']
 ['22' '255.013440869107' 'destroyed']
 ['22' '261.74905180467846' 'present']
 ['4' '288.16903730398224' 'present']
 ['11' '309.4875176529363' 'present']
 ['22' '309.9042438953739' 'present']
 ['7' '312.2571704808731' 'marauded']
 ['5' '328.1614551743764' 'present']
 ['0' '332.4663058766112' 'present']
 ['11' '347.7095045014032' 'present']
 ['9' '355.46651560300546' 'present']]","[['F195' '64.6714712888151' 'absent']
 ['F97' '149.8578323050958' 'absent']
 ['F131' '194.3118498893791' 'mated']
 ['F141' '217.20511716653812' 'mated']
 ['F163' '230.77544483370468' 'mated']
 ['F73' '234.72962810477676' 'mated']
 ['F152' '248.29679752076765' 'absent']
 ['F152' '248.3134898877837' 'absent']
 ['F31' '289.5723409858862' 'absent']]",0.0,300.0,569.0,68.72842420023467,13.68990215811158,1433.0,236.56090993173646,49.74755970310111,322.0,54.73512838471468,11.50418385176703,0.0,0.0,0.0,0.0,0.0,0.0
4,0.054,9,360.04004820614176,"[['9' '1.4899044803317212' 'marauded']
 ['13' '6.627762122251566' 'presentdestroyed']
 ['0' '15.71562604997101' 'present']
 ['22' '33.81072870049396' 'marauded']
 ['5' '42.12841546111031' 'present']
 ['22' '60.67424316229648' 'marauded']
 ['18' '62.247330078506955' 'presentdestroyed']
 ['7' '66.68081900943866' 'destroyed']
 ['5' '85.76437670143358' 'present']
 ['7' '96.12772111320828' 'present']
 ['13' '98.71709949977824' 'marauded']
 ['12' '115.45314316120356' 'present']
 ['13' '125.25541297229557' 'present']
 ['5' '131.1862205278622' 'marauded']
 ['0' '148.63994742605524' 'present']
 ['0' '163.24157751942462' 'present']
 ['13' '167.20767706542904' 'present']
 ['7' '188.29648354361217' 'present']
 ['13' '210.92195753229868' 'present']
 ['7' '212.83019561326847' 'present']
 ['22' '225.6092292544564' 'marauded']
 ['0' '232.80734125892798' 'presentdestroyed']
 ['13' '234.41656806344176' 'marauded']
 ['0' '241.47230912245578' 'presentdestroyed']
 ['5' '247.54541610179777' 'present']
 ['7' '252.52348615111697' 'present']
 ['9' '254.95938207828996' 'present']
 ['9' '260.1906159193284' 'present']
 ['9' '274.93201857190974' 'present']
 ['22' '276.3045777196024' 'marauded']
 ['12' '319.8475907784667' 'present']]","[['F58' '29.358939170353487' 'mated']
 ['F66' '30.902652814635424' 'absent']
 ['F71' '82.473259018748' 'mated']
 ['F196' '100.86003494205626' 'absentdestroyed']
 ['F63' '154.9383642471416' 'mated']
 ['F170' '159.46650970179923' 'mated']
 ['F108' '164.3253593147903' 'mated']
 ['F60' '168.96323751910887' 'mated']
 ['F182' '232.68538523016426' 'destroyed']
 ['F200' '252.59582841596364' 'mated']
 ['F7' '260.22819520384513' 'mated']
 ['F77' '262.5748159858244' 'absent']
 ['F112' '291.5229443686084' 'mated']]",100.0,0.0,566.0,70.111053946863,13.812663608547897,1434.0,238.5992641980906,50.26117426464702,289.0,49.14046025279412,10.477727098418702,16.0,1.6000000000000003,0.1600000000000001,84.0,0.7312854158552904,0.00713734567901235
5,0.054,6,360.19677657988314,"[['22' '7.228723266350494' 'present']
 ['0' '18.277370629774683' 'present']
 ['7' '30.253304538995366' 'present']
 ['11' '34.101244158343135' 'present']
 ['12' '40.6811582892965' 'present']
 ['11' '46.362453657111345' 'marauded']
 ['7' '57.18892610010993' 'present']
 ['11' '61.329773924842875' 'present']
 ['12' '65.69905871596953' 'present']
 ['0' '67.6047625818394' 'present']
 ['7' '89.18370595564346' 'marauded']
 ['9' '95.24917151423409' 'presentdestroyed']
 ['13' '96.42980260409718' 'presentdestroyed']
 ['0' '99.02549380075214' 'present']
 ['7' '103.7059024091345' 'present']
 ['7' '104.4134922982832' 'present']
 ['0' '108.31248143741273' 'present']
 ['11' '112.88201116450998' 'present']
 ['4' '116.36117217227616' 'present']
 ['9' '117.16994186031995' 'present']
 ['9' '122.95287194270095' 'present']
 ['18' '137.54688172418463' 'present']
 ['0' '139.9585351469202' 'marauded']
 ['22' '143.781873317205' 'presentdestroyed']
 ['12' '157.40308933565686' 'present']
 ['0' '173.8743388265396' 'present']
 ['0' '175.80476916670622' 'marauded']
 ['0' '180.87377519543307' 'destroyed']
 ['11' '182.67341422122692' 'presentdestroyed']
 ['0' '190.27024996959352' 'present']
 ['12' '200.81880594009374' 'present']
 ['4' '209.48354133005083' 'present']
 ['7' '212.40109501435066' 'present']
 ['9' '231.95677079367186' 'present']
 ['22' '234.13645356768288' 'present']
 ['22' '237.16925692223427' 'present']
 ['13' '239.39428071876586' 'present']
 ['12' '252.157191363255' 'present']
 ['18' '261.9274830616821' 'present']
 ['11' '263.40651023500754' 'present']
 ['13' '263.90607815555865' 'present']
 ['4' '264.2430882679172' 'present']
 ['4' '292.78282420663504' 'present']
 ['11' '293.8756975395954' 'present']
 ['12' '352.940687720524' 'present']]","[['F110' '33.71524069108731' 'absent']
 ['F32' '53.476623878125885' 'absentdestroyed']
 ['F129' '110.44865361254485' 'mated']
 ['F161' '117.42873264954682' 'absent']
 ['F48' '150.16391313895966' 'mated']
 ['F23' '152.4984288787435' 'mated']
 ['F168' '161.16724513825952' 'absent']
 ['F4' '188.2582300362253' 'mated']
 ['F86' '209.12228592950066' 'mated']
 ['F1' '236.5616982733918' 'absent']
 ['F134' '247.85093168996806' 'absent']
 ['F41' '247.90711637254256' 'mated']]",100.0,100.0,565.0,74.57858150232438,16.687773354835134,1537.0,259.25560262653744,55.1691337887947,147.0,24.359005615438797,5.318434378567705,12.0,1.2,0.12000000000000005,70.0,0.6143604801777056,0.006087105624142667
6,0.0,10,360.31365377392814,"[['5' '5.031537521463072' 'present']
 ['22' '6.990786176790376' 'marauded']
 ['5' '7.3465563770676505' 'presentdestroyed']
 ['22' '11.8014564998866' 'presentdestroyed']
 ['0' '19.920334590754013' 'present']
 ['7' '36.801819923596916' 'present']
 ['13' '37.633768500853265' 'marauded']
 ['9' '44.92284908976796' 'presentdestroyed']
 ['13' '64.97595460099254' 'present']
 ['4' '71.96180045648958' 'present']
 ['0' '75.55083621483881' 'present']
 ['9' '79.0371327716401' 'marauded']
 ['13' '84.26003919438845' 'destroyed']
 ['4' '97.43400889303676' 'present']
 ['11' '100.89002016749113' 'present']
 ['12' '109.37771116719254' 'present']
 ['7' '114.64911509055405' 'marauded']
 ['18' '131.45191152633245' 'marauded']
 ['11' '170.11005582615974' 'present']
 ['5' '170.14081541948954' 'present']
 ['11' '173.59413171679887' 'present']
 ['11' '176.025678837697' 'present']
 ['12' '179.92035787244254' 'present']
 ['9' '189.40573171038446' 'marauded']
 ['4' '198.122676226095' 'present']
 ['9' '209.90351890023996' 'present']
 ['7' '232.01340407887866' 'present']
 ['18' '263.24599183098644' 'present']
 ['18' '265.57048878070196' 'present']
 ['22' '291.7925609146856' 'present']
 ['12' '311.933301954331' 'present']
 ['22' '315.9296604972957' 'present']
 ['9' '329.2713544012699' 'present']
 ['4' '341.5247429826504' 'present']
 ['4' '344.2117571151676' 'marauded']
 ['18' '347.60564413403466' 'presentdestroyed']
 ['11' '348.0006802897785' 'presentdestroyed']
 ['5' '350.3405974528446' 'presentdestroyed']
 ['13' '354.94988284691686' 'present']]","[['F99' '17.979505552113697' 'mated']
 ['F55' '48.003136902068526' 'mated']
 ['F156' '99.32129740590206' 'mated']
 ['F159' '100.05996618455069' 'mated']
 ['F161' '117.41659690721553' 'destroyed']
 ['F34' '121.41381154554387' 'destroyed']
 ['F154' '144.95077502233008' 'mated']
 ['F96' '157.34248517288268' 'absent']
 ['F176' '184.94561954168512' 'absent']
 ['F69' '208.06933424086864' 'mated']
 ['F19' '215.9990514585461' 'mated']
 ['F44' '220.08723405036224' 'mated']
 ['F206' '238.83734411347763' 'absent']
 ['F183' '239.82045290001815' 'mated']
 ['F164' '303.3740279427249' 'mated']]",100.0,200.0,569.0,72.50701905597401,15.152867634376962,1435.0,244.4702673063252,53.53142658886575,248.0,43.04749341032456,9.673947465264526,0.0,0.0,0.0,0.0,0.0,0.0
7,0.054,8,360.54704961464046,"[['18' '7.664616153965882' 'present']
 ['5' '46.020287631014085' 'present']
 ['12' '52.60189074335449' 'present']
 ['18' '56.81687813500957' 'present']
 ['13' '60.7039796644556' 'present']
 ['0' '75.55928594062556' 'marauded']
 ['13' '75.75294382154189' 'destroyed']
 ['12' '82.65081323815808' 'present']
 ['12' '88.27487791413277' 'present']
 ['11' '96.74812504914456' 'present']
 ['0' '102.16243968239911' 'present']
 ['4' '118.91717589188988' 'present']
 ['13' '123.88230150209891' 'present']
 ['11' '125.6640083734249' 'marauded']
 ['11' '134.0596620137159' 'present']
 ['12' '137.08993158856345' 'present']
 ['18' '143.88195250133586' 'present']
 ['22' '150.79188495796717' 'present']
 ['18' '223.33776848337538' 'present']
 ['22' '230.88649933525298' 'present']
 ['0' '241.46672066513548' 'present']
 ['9' '255.56858995204988' 'present']
 ['11' '259.4877804422393' 'marauded']
 ['12' '270.66675492662057' 'present']
 ['0' '297.29438739389957' 'marauded']
 ['4' '352.8433297370771' 'marauded']
 ['12' '356.61202516384685' 'presentdestroyed']]","[['F67' '100.72948744506584' 'absent']
 ['F83' '114.76268154344315' 'mated']
 ['F132' '142.4283872665409' 'mated']
 ['F97' '149.87032847555335' 'mated']
 ['F168' '161.1626155086299' 'absent']
 ['F128' '172.72003034121116' 'mated']
 ['F40' '242.71393339490044' 'mated']
 ['F10' '243.31419960827344' 'mated']
 ['F199' '254.26392880306668' 'mated']
 ['F117' '262.7625600240177' 'destroyed']
 ['F74' '279.11628837141865' 'mated']
 ['F33' '289.42416549074346' 'absent']]",100.0,300.0,576.0,71.22464673636492,15.011026088551395,1486.0,256.0833533278425,55.47526857308412,180.0,30.448262854805254,6.572274257516508,15.0,1.5000000000000002,0.15000000000000008,83.0,0.7491770436265649,0.007758916323731144
8,0.0,9,360.24304931956164,"[['12' '0.731554604844311' 'marauded']
 ['0' '15.708681605526566' 'present']
 ['7' '17.456963836206153' 'present']
 ['12' '23.603825215079137' 'present']
 ['5' '39.110298673033206' 'present']
 ['13' '57.19435891571987' 'marauded']
 ['13' '63.256106226726025' 'destroyed']
 ['7' '65.32633603584047' 'present']
 ['4' '73.44561857690366' 'present']
 ['0' '79.55686544714983' 'present']
 ['11' '113.60923667329997' 'present']
 ['18' '119.3380426248595' 'present']
 ['18' '142.64499194985166' 'present']
 ['18' '143.86808512914857' 'present']
 ['4' '152.16433320706662' 'present']
 ['0' '167.67078614641417' 'present']
 ['0' '168.76784847757685' 'present']
 ['0' '180.38293236701077' 'present']
 ['4' '183.3559030949683' 'marauded']
 ['0' '202.42022963869917' 'marauded']
 ['9' '218.06095044335936' 'present']
 ['9' '218.22709244843097' 'present']
 ['7' '223.0830136921681' 'present']
 ['5' '235.06441136371288' 'present']
 ['4' '243.65989749977808' 'present']
 ['11' '245.50799173178586' 'present']
 ['0' '255.10171145488135' 'marauded']
 ['4' '260.57460432089675' 'presentdestroyed']
 ['13' '262.22008942366773' 'present']
 ['12' '269.48521269331593' 'present']
 ['12' '295.0469377614237' 'present']
 ['22' '297.0028384686307' 'marauded']
 ['0' '299.72845278332954' 'presentdestroyed']
 ['7' '305.2337994971443' 'present']
 ['12' '306.66340343110573' 'present']
 ['11' '326.5486728030214' 'present']
 ['7' '326.5495227066566' 'present']
 ['4' '336.8586761373987' 'marauded']
 ['9' '339.28933052492283' 'presentdestroyed']
 ['4' '340.93704495359174' 'presentdestroyed']
 ['22' '356.4924273760457' 'present']]","[['F213' '113.72205041735046' 'mated']
 ['F142' '145.85804105463927' 'mated']
 ['F64' '145.89913272506476' 'mated']
 ['F171' '177.05319582418383' 'mated']
 ['F176' '184.94044345840388' 'destroyed']
 ['F94' '184.94123035242873' 'destroyed']
 ['F202' '202.06913156918347' 'mated']
 ['F86' '209.1147950314046' 'absentdestroyed']
 ['F182' '232.68770004497907' 'mated']
 ['F152' '248.31866597106495' 'absent']
 ['F21' '253.69211659979044' 'absent']
 ['F103' '270.1777511799204' 'mated']
 ['F75' '279.8472693951471' 'mated']
 ['F85' '315.5295430631763' 'mated']]",200.0,0.0,559.0,72.71636703098781,15.39271797116324,1481.0,244.70168162560415,52.2723041254288,263.0,42.78143782253962,9.081206421850306,0.0,0.0,0.0,0.0,0.0,0.0
9,0.054,6,359.87455868101455,"[['18' '103.52427901721681' 'present']
 ['11' '123.92471999980356' 'present']
 ['5' '124.94096909413064' 'present']
 ['18' '139.17439880465213' 'present']
 ['12' '147.0473276674611' 'marauded']
 ['11' '147.46018053660745' 'presentdestroyed']
 ['22' '148.1311865753893' 'presentdestroyed']
 ['4' '148.2192351892956' 'presentdestroyed']
 ['4' '153.72362932611588' 'destroyed']
 ['4' '161.12681626426' 'present']
 ['11' '167.05215919808825' 'present']
 ['18' '169.72968851478257' 'present']
 ['5' '172.89410541611522' 'present']
 ['11' '174.3873805647157' 'present']
 ['4' '176.56751462234416' 'present']
 ['13' '181.6715755334337' 'marauded']
 ['0' '183.84512502359766' 'presentdestroyed']
 ['12' '206.09742119696827' 'present']
 ['13' '217.49898403056451' 'present']
 ['7' '244.37933826364159' 'present']
 ['11' '245.50104728734144' 'present']
 ['18' '255.4062035178062' 'present']
 ['11' '288.0822340631362' 'marauded']
 ['0' '293.46628646048504' 'presentdestroyed']
 ['0' '311.8016727543357' 'present']
 ['12' '314.97407441684254' 'present']
 ['12' '320.29060522160313' 'present']
 ['5' '322.98426111004426' 'present']
 ['18' '330.82411050968676' 'present']
 ['11' '330.9510643558375' 'marauded']
 ['11' '339.3740119132958' 'present']
 ['18' '343.24154724407754' 'present']
 ['5' '346.1103968146747' 'marauded']]","[['F161' '117.43104746436163' 'mated']
 ['F104' '135.94810720311645' 'mated']
 ['F14' '144.9123110063097' 'mated']
 ['F130' '162.2052465452087' 'mated']
 ['F135' '214.13333221887459' 'absent']
 ['F38' '234.59240279886623' 'mated']
 ['F134' '247.86250576404214' 'absent']
 ['F41' '247.88759327439394' 'absent']
 ['F119' '257.13192711907135' 'absent']
 ['F118' '292.8384765751014' 'absentdestroyed']
 ['F6' '323.0088578674558' 'mated']]",200.0,100.0,557.0,69.96696622719695,14.161506414756769,1486.0,257.452306066846,55.75179479651647,185.0,30.265497504648263,6.448329805571451,16.0,1.6000000000000003,0.1600000000000001,79.0,0.7848838920798858,0.008980624142661186
10,0.0,13,360.24111650239365,"[['9' '2.457747877189438' 'marauded']
 ['11' '3.309553935693227' 'presentdestroyed']
 ['7' '6.8140022721383975' 'presentdestroyed']
 ['4' '11.6051946198599' 'present']
 ['9' '13.061732462559606' 'marauded']
 ['7' '20.685648197104843' 'marauded']
 ['7' '21.611077389224217' 'presentdestroyed']
 ['13' '49.59423669094745' 'present']
 ['5' '81.61656225865843' 'present']
 ['4' '85.24274776204443' 'present']
 ['18' '88.15101525956965' 'present']
 ['9' '96.3526910518446' 'marauded']
 ['18' '97.52340037695201' 'presentdestroyed']
 ['13' '101.49332228332558' 'presentdestroyed']
 ['13' '104.01752194414847' 'present']
 ['5' '114.00193408745318' 'marauded']
 ['12' '120.25212419105452' 'presentdestroyed']
 ['22' '127.15504733755692' 'present']
 ['13' '153.6678404273898' 'present']
 ['4' '153.71517960032915' 'present']
 ['22' '168.80448653316347' 'marauded']
 ['0' '198.55035406266097' 'present']
 ['5' '198.74717325346015' 'present']
 ['12' '222.40781333924173' 'present']
 ['7' '230.42320115741057' 'present']
 ['12' '231.88025111038888' 'present']
 ['4' '233.7974458603511' 'present']
 ['11' '241.7976506924231' 'present']
 ['11' '249.03433224147003' 'present']
 ['13' '268.2050844307255' 'marauded']
 ['22' '280.71578009518817' 'present']
 ['9' '287.2948107890703' 'present']
 ['11' '292.02923740599175' 'present']
 ['18' '326.2373480681746' 'present']
 ['22' '328.81272999672683' 'present']
 ['13' '346.4925237043055' 'present']
 ['13' '349.9929426972728' 'marauded']
 ['22' '351.2967415382351' 'presentdestroyed']]","[['F92' '66.58735147419291' 'mated']
 ['F45' '68.7794133067554' 'mated']
 ['F5' '79.04341735688001' 'mated']
 ['F173' '79.54893516133218' 'absent']
 ['F191' '85.07184810833684' 'mated']
 ['F215' '116.30100717213216' 'destroyed']
 ['F161' '117.41891172203034' 'destroyed']
 ['F24' '139.3233236799515' 'mated']
 ['F100' '140.72036207571495' 'mated']
 ['F50' '149.25051877916846' 'mated']
 ['F168' '161.170518780765' 'mated']
 ['F51' '163.4059740558978' 'absent']
 ['F208' '164.30772463153136' 'mated']
 ['F13' '166.66993353809713' 'mated']
 ['F128' '172.71675669870567' 'destroyed']
 ['F22' '177.32836955790825' 'absent']
 ['F176' '184.94793435649993' 'mated']
 ['F147' '211.14387911895503' 'mated']
 ['F198' '232.6769830724566' 'mated']]",200.0,200.0,567.0,74.31017495355702,16.24955130439031,1402.0,236.86724095348768,51.105856065036036,294.0,48.88880034252065,10.176063556714753,0.0,0.0,0.0,0.0,0.0,0.0
11,0.054,3,360.38348539917115,"[['13' '14.3542072255665' 'present']
 ['7' '19.202026113521537' 'present']
 ['13' '23.117506943028257' 'present']
 ['9' '34.7101956197601' 'marauded']
 ['22' '56.71058590957433' 'present']
 ['5' '66.8987884581648' 'present']
 ['13' '74.202867161328' 'marauded']
 ['4' '81.8563234821079' 'presentdestroyed']
 ['4' '85.10264838283574' 'marauded']
 ['12' '88.28332763991952' 'destroyed']
 ['4' '166.75899156865617' 'present']
 ['13' '186.5228832165957' 'present']
 ['18' '197.37326255352403' 'present']
 ['18' '197.7422496058648' 'marauded']
 ['7' '257.4241226876002' 'present']
 ['9' '299.6328431458329' 'present']
 ['5' '303.31750120305327' 'present']
 ['9' '326.6247518176938' 'present']
 ['7' '341.25673284992115' 'present']
 ['7' '348.9516791271104' 'present']]","[['F5' '79.0411025420652' 'destroyed']
 ['F36' '80.7573501763741' 'destroyed']
 ['F22' '177.32605474309344' 'absent']
 ['F28' '182.8520703601987' 'mated']
 ['F4' '188.25305395294407' 'absent']
 ['F201' '217.68341586086765' 'mated']
 ['F133' '221.98759997723522' 'mated']
 ['F16' '243.7186433164817' 'absent']]",200.0,300.0,561.0,70.17677076860659,15.41857844506226,1544.0,263.10326586791507,56.834014158892735,145.0,24.581257057560677,5.2064141005946345,13.0,1.3,0.13000000000000006,90.0,0.8541302629481857,0.009173525377229088
12,0.054,10,360.51751262588533,"[['13' '1.061483120861471' 'present']
 ['0' '1.1499548087298952' 'marauded']
 ['9' '2.289600843861062' 'destroyed']
 ['18' '4.423522352477213' 'presentdestroyed']
 ['22' '10.706009285461427' 'present']
 ['22' '29.120861291611128' 'marauded']
 ['5' '35.68435778768015' 'presentdestroyed']
 ['13' '56.7986389361513' 'marauded']
 ['0' '122.15206503910068' 'marauded']
 ['4' '169.66149394464404' 'marauded']
 ['9' '170.43802931222305' 'presentdestroyed']
 ['11' '170.5904482348684' 'presentdestroyed']
 ['18' '206.58604821885763' 'present']
 ['11' '210.91842226995323' 'marauded']
 ['13' '236.33142093557754' 'present']
 ['5' '242.05972070040812' 'marauded']
 ['5' '248.47437477587704' 'presentdestroyed']
 ['5' '257.4114533256218' 'present']
 ['22' '273.78727175577325' 'marauded']
 ['4' '275.66608400507266' 'presentdestroyed']
 ['11' '275.7815041739113' 'presentdestroyed']
 ['18' '277.7515797340828' 'destroyed']
 ['18' '279.8374980368465' 'presentdestroyed']
 ['18' '281.51830381429687' 'present']
 ['4' '289.7454109658262' 'present']
 ['4' '291.2785877076944' 'present']
 ['9' '297.13745207512915' 'present']
 ['0' '302.785246029673' 'present']
 ['7' '324.43524539205674' 'present']
 ['0' '346.4481329701641' 'present']]","[['F110' '33.72041677436856' 'destroyed']
 ['F207' '80.49766717016462' 'mated']
 ['F17' '89.23474770279007' 'mated']
 ['F124' '100.76393261913006' 'absent']
 ['F196' '100.86752584015233' 'mated']
 ['F181' '104.137718864637' 'mated']
 ['F57' '135.39784018441105' 'mated']
 ['F167' '162.99043756556443' 'mated']
 ['F15' '165.81258219368968' 'absent']
 ['F3' '172.6904470279909' 'destroyed']
 ['F42' '180.51489749048852' 'mated']
 ['F144' '181.13678264486805' 'mated']
 ['F12' '197.44535378256336' 'mated']
 ['F52' '203.56247111803518' 'mated']
 ['F138' '276.09474543441814' 'destroyed']]",300.0,0.0,566.0,74.26359255116341,16.037797883243822,1363.0,234.95252828381075,51.396518305639546,284.0,48.81101016696443,10.508568876010628,12.0,1.2,0.12000000000000005,94.0,0.8206768724257933,0.008316186556927304
13,0.054,8,359.92365124290353,"[['7' '49.75508392610562' 'present']
 ['7' '53.54166346899049' 'present']
 ['18' '70.36137752773287' 'present']
 ['5' '88.03706124971549' 'marauded']
 ['9' '96.83124727277487' 'present']
 ['12' '99.80691368800588' 'present']
 ['18' '100.15045996246475' 'present']
 ['18' '102.64656718351544' 'present']
 ['9' '109.34700808304103' 'present']
 ['12' '140.499626428376' 'present']
 ['11' '169.06852472484672' 'present']
 ['12' '193.1885728520149' 'marauded']
 ['22' '196.80161362233954' 'destroyed']
 ['12' '197.34753625501466' 'presentdestroyed']
 ['4' '208.10818359672842' 'present']
 ['7' '222.54376577904566' 'present']
 ['5' '245.8103287890283' 'present']
 ['4' '246.28689161385566' 'marauded']
 ['12' '257.32314607796' 'present']
 ['12' '269.4898423229456' 'marauded']
 ['12' '290.5324360247347' 'present']
 ['12' '299.07046043097216' 'marauded']
 ['11' '304.11277876803007' 'presentdestroyed']
 ['11' '310.3534428836809' 'marauded']
 ['12' '323.88011917159963' 'marauded']
 ['22' '328.82485052445253' 'presentdestroyed']
 ['18' '330.1044686374785' 'presentdestroyed']
 ['22' '333.2435720839914' 'present']
 ['9' '355.88716207602425' 'present']]","[['F107' '43.68760876565111' 'mated']
 ['F68' '68.71979685631986' 'mated']
 ['F160' '131.43597419228314' 'mated']
 ['F30' '133.27615096804033' 'mated']
 ['F65' '162.1379482344457' 'mated']
 ['F22' '177.33164320041374' 'mated']
 ['F139' '193.80302345568188' 'destroyed']
 ['F135' '214.1356470336894' 'mated']
 ['F151' '217.36140878141873' 'absent']
 ['F41' '247.90248674291294' 'destroyed']
 ['F152' '248.30514370427568' 'destroyed']
 ['F117' '262.7691073090287' 'mated']]",300.0,100.0,556.0,71.0365090320337,14.837838658080084,1422.0,243.3178735770983,52.566678611555545,247.0,42.77290416639157,9.320089160572634,20.0,2.0000000000000004,0.20000000000000012,93.0,0.8868085887815511,0.00947359396433471
14,0.0,18,360.1629306086405,"[['13' '0.567446447085953' 'present']
 ['18' '16.023611577880633' 'marauded']
 ['22' '16.359326435730964' 'presentdestroyed']
 ['12' '16.574725233951703' 'presentdestroyed']
 ['22' '20.393336060098374' 'presentdestroyed']
 ['9' '28.94413783324423' 'marauded']
 ['11' '29.17369866022691' 'presentdestroyed']
 ['18' '55.299162903421916' 'present']
 ['22' '55.737269656868044' 'present']
 ['5' '76.87922467780034' 'present']
 ['18' '77.83032249554009' 'present']
 ['4' '98.38884013460016' 'marauded']
 ['11' '102.40674498172966' 'presentdestroyed']
 ['11' '120.59175541542253' 'present']
 ['22' '136.8776759990997' 'present']
 ['22' '139.23596798671542' 'present']
 ['9' '144.16707869667349' 'present']
 ['12' '145.0249833968111' 'present']
 ['5' '146.98698339775777' 'marauded']
 ['18' '158.003215469443' 'present']
 ['11' '162.66167280251366' 'present']
 ['5' '163.38531380394886' 'present']
 ['13' '169.63155339134187' 'marauded']
 ['22' '180.05543569198122' 'present']
 ['7' '184.9460056490642' 'marauded']
 ['0' '185.62287543372943' 'presentdestroyed']
 ['5' '195.82572512737676' 'present']
 ['12' '200.356187891687' 'present']
 ['7' '205.49108356754644' 'present']
 ['18' '208.50933395504242' 'present']
 ['13' '210.33456464195925' 'present']
 ['12' '224.3882504736755' 'present']
 ['5' '246.81878070301374' 'present']
 ['22' '255.78661957302737' 'present']
 ['22' '256.5906582878629' 'marauded']
 ['5' '263.64185095852866' 'presentdestroyed']
 ['22' '292.41683468907877' 'present']
 ['22' '293.05514360469226' 'present']
 ['22' '299.8801618260536' 'present']
 ['11' '312.5004314019766' 'present']
 ['7' '318.94684428675134' 'marauded']
 ['13' '335.3281744242369' 'marauded']
 ['13' '337.4506537147569' 'presentdestroyed']
 ['4' '347.67879342964125' 'present']
 ['12' '348.1995138742189' 'present']
 ['12' '351.0881428717267' 'present']
 ['5' '355.3303392729847' 'marauded']]","[['F49' '74.45735093836791' 'mated']
 ['F95' '79.31016991263834' 'mated']
 ['F173' '79.55738488711893' 'mated']
 ['F184' '80.98801359464744' 'mated']
 ['F211' '98.2669816179601' 'mated']
 ['F91' '130.3113252805407' 'mated']
 ['F98' '139.03189142524556' 'mated']
 ['F20' '145.2688484235698' 'mated']
 ['F185' '160.96811393274515' 'mated']
 ['F3' '172.68581739836128' 'destroyed']
 ['F143' '177.24708601431053' 'mated']
 ['F90' '182.08502172728714' 'mated']
 ['F139' '193.8053382704967' 'mated']
 ['F203' '197.19680651030097' 'mated']
 ['F125' '204.21028170141923' 'mated']
 ['F210' '247.8005882239416' 'mated']
 ['F197' '281.23617172269104' 'mated']
 ['F164' '303.3693983130953' 'absent']
 ['F123' '312.49795750384385' 'mated']
 ['F145' '345.3553262507491' 'mated']]",300.0,200.0,572.0,68.78813349021573,13.165949616797352,1341.0,232.99965110607778,50.813932423273975,350.0,58.24370755951664,12.602916951770327,0.0,0.0,0.0,0.0,0.0,0.0
15,0.0,8,360.54181747777244,"[['11' '1.2360817252001226' 'present']
 ['13' '6.637567835162445' 'present']
 ['12' '14.736389456078186' 'present']
 ['13' '17.722721188219104' 'present']
 ['12' '42.37924969421022' 'marauded']
 ['9' '56.23942839176902' 'marauded']
 ['12' '64.30449079811117' 'present']
 ['7' '64.8286560172418' 'marauded']
 ['0' '66.23041531675003' 'presentdestroyed']
 ['5' '77.1396280366186' 'present']
 ['22' '81.28838072105869' 'marauded']
 ['9' '82.88340308737632' 'presentdestroyed']
 ['11' '84.21408322211404' 'presentdestroyed']
 ['0' '92.4557917411742' 'present']
 ['22' '95.63305144610443' 'marauded']
 ['22' '102.93739472985109' 'presentdestroyed']
 ['13' '110.33307189295026' 'marauded']
 ['11' '111.4109919681248' 'destroyed']
 ['4' '141.5678093158483' 'present']
 ['12' '157.8295804481525' 'present']
 ['22' '158.40049482065677' 'present']
 ['4' '162.84733355134463' 'present']
 ['0' '174.1629884683759' 'present']
 ['9' '177.02895472348692' 'present']
 ['7' '184.0600456269881' 'present']
 ['12' '191.18180868539838' 'present']
 ['9' '194.2205078398591' 'marauded']
 ['22' '198.78651068680355' 'presentdestroyed']
 ['18' '213.10403364908638' 'present']
 ['11' '223.60399067828817' 'present']
 ['9' '242.47305652788918' 'marauded']
 ['12' '253.1950865069606' 'present']
 ['18' '259.9640120818404' 'marauded']
 ['22' '266.82257751190957' 'presentdestroyed']
 ['22' '270.9660563536596' 'marauded']
 ['22' '278.84405293776456' 'present']
 ['11' '283.2947057482307' 'present']
 ['22' '291.78275520177476' 'present']
 ['18' '295.24173649210263' 'present']
 ['11' '301.2558547852195' 'present']
 ['9' '303.16654801505035' 'present']
 ['18' '304.4090083589181' 'present']
 ['4' '335.95415398881374' 'present']
 ['18' '342.38309084836834' 'present']
 ['22' '347.0395270797317' 'present']]","[['F36' '80.7550353615593' 'absent']
 ['F148' '97.24908162695435' 'destroyed']
 ['F196' '100.854858858775' 'absentdestroyed']
 ['F196' '100.86521102533752' 'absentdestroyed']
 ['F213' '113.71877677484497' 'destroyed']
 ['F161' '117.42218536453584' 'destroyed']
 ['F127' '143.47835231923247' 'mated']
 ['F88' '172.17016672235223' 'mated']
 ['F8' '191.56015471351128' 'mated']
 ['F192' '206.99066293223606' 'mated']
 ['F151' '217.36603841104835' 'mated']
 ['F206' '238.83216803019639' 'absent']
 ['F206' '238.84756220042757' 'absent']
 ['F204' '246.2370361729933' 'destroyed']
 ['F166' '254.17801391743834' 'mated']
 ['F7' '260.218560301854' 'destroyed']
 ['F77' '262.57999206910563' 'absentdestroyed']
 ['F81' '267.5261447963193' 'mated']
 ['F31' '289.5792854303307' 'mated']
 ['F118' '292.84365265838267' 'absent']]",300.0,300.0,557.0,74.41539180456544,17.321003313270992,1322.0,224.3706241447447,48.794327120406955,353.0,61.26052973665436,13.205656048060597,0.0,0.0,0.0,0.0,0.0,0.0
16,0.0,11,360.29506352501147,"[['13' '5.38521224040108' 'present']
 ['11' '25.0461087862886' 'present']
 ['0' '27.16941886038804' 'marauded']
 ['22' '27.393183748735225' 'presentdestroyed']
 ['0' '38.410022493751676' 'present']
 ['0' '41.46224618894812' 'present']
 ['11' '56.48396921056931' 'present']
 ['0' '57.121268697059314' 'present']
 ['4' '58.304732111808285' 'present']
 ['0' '58.93820968715219' 'present']
 ['11' '65.06209993547013' 'present']
 ['13' '79.38419588259482' 'marauded']
 ['12' '94.23846496065492' 'marauded']
 ['18' '130.8303509003659' 'marauded']
 ['0' '132.4712907051943' 'presentdestroyed']
 ['18' '143.47211988321814' 'marauded']
 ['0' '145.01998162840502' 'presentdestroyed']
 ['18' '145.61809245589745' 'destroyed']
 ['4' '176.55729653539422' 'present']
 ['7' '188.89963246141883' 'marauded']
 ['12' '189.23014893052272' 'presentdestroyed']
 ['12' '203.45494368862748' 'present']
 ['18' '208.502389510598' 'present']
 ['22' '222.2200527382931' 'present']
 ['0' '236.67388879134205' 'present']
 ['0' '238.68441360956356' 'present']
 ['4' '264.50024764650044' 'marauded']
 ['9' '265.40362761544816' 'presentdestroyed']
 ['7' '268.3511610988048' 'presentdestroyed']
 ['7' '294.97568245205315' 'present']
 ['12' '320.2961936789235' 'present']
 ['11' '343.03775844865964' 'present']
 ['12' '350.75075811491575' 'present']]","[['F58' '29.351994725909044' 'destroyed']
 ['F56' '59.447286473298114' 'absent']
 ['F36' '80.7517617190538' 'destroyed']
 ['F46' '105.47413580869437' 'mated']
 ['F93' '105.82212862674987' 'mated']
 ['F97' '149.86300838837704' 'destroyed']
 ['F172' '154.75491562456824' 'mated']
 ['F3' '172.6927618428057' 'mated']
 ['F35' '204.82671110831382' 'mated']
 ['F155' '215.72776341831405' 'mated']
 ['F186' '219.48506786341247' 'mated']
 ['F39' '222.97503130544033' 'mated']
 ['F59' '248.0255550694255' 'mated']
 ['F9' '261.3697214568006' 'mated']
 ['F77' '262.58326571161115' 'mated']]",400.0,0.0,561.0,76.08495163015574,16.45285112649342,1479.0,241.34127280757883,50.66127231236141,249.0,42.663204043484676,9.169380520875047,0.0,0.0,0.0,0.0,0.0,0.0
17,0.0,9,360.01052884354135,"[['18' '5.75723272276414' 'present']
 ['9' '7.441617309542114' 'present']
 ['9' '9.161038482732502' 'present']
 ['13' '34.58924044093698' 'present']
 ['13' '45.636635810687245' 'present']
 ['11' '50.507239549971615' 'present']
 ['22' '56.39612207182812' 'present']
 ['12' '77.33198127882636' 'present']
 ['12' '77.33852856383734' 'present']
 ['22' '101.62249457749525' 'marauded']
 ['22' '102.92894500406435' 'destroyed']
 ['5' '108.27737247045593' 'presentdestroyed']
 ['13' '117.42678391641635' 'present']
 ['11' '120.42498631896854' 'present']
 ['9' '126.2338426347163' 'marauded']
 ['7' '135.66888834668072' 'present']
 ['5' '136.09394642966393' 'marauded']
 ['18' '145.78697386690823' 'present']
 ['11' '148.64711542912258' 'present']
 ['5' '158.09844896415268' 'present']
 ['18' '161.3153397164462' 'marauded']
 ['11' '162.40392007778067' 'presentdestroyed']
 ['12' '166.83432209759323' 'presentdestroyed']
 ['5' '173.57420570092074' 'present']
 ['7' '188.307144541935' 'marauded']
 ['22' '225.2977039780948' 'present']
 ['13' '236.96072962417702' 'present']
 ['7' '242.56991163381164' 'present']
 ['0' '252.17249393371245' 'present']
 ['12' '263.95260714897415' 'present']
 ['12' '267.4531468827162' 'present']
 ['18' '268.7302167001342' 'present']
 ['12' '269.85355426909314' 'present']
 ['9' '272.739386107162' 'present']
 ['9' '279.7899526290303' 'present']
 ['4' '318.51734686474674' 'present']
 ['11' '330.06741256476204' 'present']
 ['0' '333.78973102698376' 'present']
 ['11' '357.7411550267824' 'marauded']]","[['F61' '29.334248248559174' 'absent']
 ['F58' '29.34967991109423' 'absent']
 ['F56' '59.44960128811293' 'mated']
 ['F68' '68.71285241187542' 'absent']
 ['F173' '79.55411124461344' 'absent']
 ['F126' '90.8439365023596' 'mated']
 ['F214' '95.32911734147571' 'mated']
 ['F215' '116.30618325541342' 'mated']
 ['F79' '137.66658044727254' 'absentdestroyed']
 ['F139' '193.80070864086707' 'absentdestroyed']
 ['F16' '243.72519060149267' 'mated']
 ['F118' '292.8488287416639' 'mated']
 ['F146' '309.65169083815675' 'mated']
 ['F18' '324.2393041025923' 'absent']
 ['F109' '331.49605052582984' 'mated']
 ['F137' '340.9406796147981' 'mated']]",400.0,100.0,576.0,72.40261486731099,15.484725158332509,1536.0,255.38292202910284,53.48329529980615,189.0,32.267740736524246,6.826827494118983,0.0,0.0,0.0,0.0,0.0,0.0
18,0.054,8,359.8330125002011,"[['11' '11.010821760527797' 'present']
 ['13' '15.287442971794418' 'present']
 ['22' '16.35238199128652' 'present']
 ['22' '23.797705125063995' 'present']
 ['22' '45.09258281445061' 'marauded']
 ['7' '51.578415616613945' 'presentdestroyed']
 ['13' '52.946785730783056' 'present']
 ['13' '74.31131688711474' 'present']
 ['13' '85.08271125877201' 'present']
 ['12' '108.87830429198749' 'present']
 ['5' '110.63947457626779' 'marauded']
 ['13' '110.9299099160515' 'presentdestroyed']
 ['11' '117.24529008998826' 'presentdestroyed']
 ['7' '121.5412120949062' 'marauded']
 ['9' '155.66379334153956' 'present']
 ['7' '157.357150701625' 'present']
 ['5' '168.96897742851618' 'present']
 ['9' '179.30064719395483' 'present']
 ['22' '194.7268627927206' 'present']
 ['22' '211.92932959404894' 'present']
 ['12' '233.85196218361997' 'marauded']
 ['0' '243.03772102076132' 'marauded']
 ['22' '244.20972543180523' 'presentdestroyed']
 ['22' '257.36091251057076' 'present']
 ['9' '260.18216619354166' 'present']
 ['0' '283.52198727385564' 'present']
 ['13' '285.7132140952372' 'marauded']
 ['22' '293.0745182333717' 'presentdestroyed']
 ['13' '297.66377352310997' 'present']
 ['9' '312.008422963563' 'present']
 ['11' '354.99201792699563' 'marauded']
 ['4' '359.6849566063492' 'presentdestroyed']]","[['F110' '33.72559285764981' 'mated']
 ['F177' '40.10030704216167' 'mated']
 ['F45' '68.77478367712577' 'absent']
 ['F54' '81.52672993040481' 'mated']
 ['F27' '130.47734844321866' 'mated']
 ['F179' '130.72840911290746' 'mated']
 ['F122' '171.2952079718945' 'mated']
 ['F158' '178.02408777881334' 'absent']
 ['F8' '191.5568810710058' 'absent']
 ['F38' '234.587226715585' 'destroyed']
 ['F206' '238.84428855792208' 'destroyed']
 ['F210' '247.79827340912678' 'destroyed']
 ['F21' '253.69866388480142' 'mated']
 ['F62' '324.02216743485263' 'mated']]",400.0,200.0,577.0,66.61820656236725,13.108985455708018,1499.0,250.14067025596057,53.280239370666166,239.0,41.42966072139129,8.798041555369677,11.0,1.0999999999999999,0.11000000000000004,83.0,0.7451993131257538,0.0076517489711934224
19,0.0,5,360.44629488646575,"[['11' '15.57216719674597' 'present']
 ['13' '36.66198052247977' 'present']
 ['5' '36.8199435352719' 'present']
 ['7' '89.17213188156938' 'present']
 ['4' '89.92824381141712' 'marauded']
 ['22' '107.14681008834987' 'present']
 ['13' '138.0409273527718' 'marauded']
 ['18' '146.1855236349391' 'present']
 ['22' '154.95744527280175' 'present']
 ['12' '169.5072506359276' 'marauded']
 ['18' '171.41666770239505' 'presentdestroyed']
 ['0' '184.39435959010245' 'present']
 ['18' '184.68852609909732' 'present']
 ['18' '189.7399822445407' 'present']
 ['12' '199.80047810447314' 'present']
 ['0' '203.77956723895753' 'present']
 ['13' '223.1326338722215' 'present']
 ['13' '226.31027127366983' 'present']
 ['12' '249.99148938433896' 'present']
 ['22' '257.8836553919162' 'present']
 ['12' '273.0187133217468' 'present']
 ['11' '287.57800751072864' 'present']
 ['12' '305.4969454648662' 'present']
 ['12' '316.12107863775697' 'present']
 ['22' '316.3952941977263' 'present']
 ['22' '320.42935150849786' 'present']
 ['18' '329.6651699632121' 'marauded']
 ['18' '334.4389700896142' 'presentdestroyed']
 ['7' '336.7719772549333' 'destroyed']
 ['7' '337.46064021248714' 'present']
 ['18' '348.56491430392197' 'present']
 ['0' '356.65845086345' 'present']
 ['11' '357.14853663450657' 'present']]","[['F61' '29.340795533570162' 'mated']
 ['F111' '103.94427098576165' 'mated']
 ['F57' '135.39456654190556' 'absent']
 ['F20' '145.26557478106432' 'absent']
 ['F64' '145.89395664178352' 'absent']
 ['F69' '208.06201415369233' 'absent']
 ['F101' '235.55984882599148' 'mated']
 ['F206' '238.84987701524238' 'absent']
 ['F7' '260.2208751166688' 'absent']
 ['F82' '267.97597799299587' 'mated']
 ['F194' '321.5243269959631' 'mated']]",400.0,300.0,562.0,72.08185760730386,14.717005999940183,1560.0,263.63999357889793,56.07091294598878,148.0,24.28387863908976,5.191894973435951,0.0,0.0,0.0,0.0,0.0,0.0
20,0.0,16,360.2400707655138,"[['0' '0.31385515123115093' 'present']
 ['12' '9.90094009035911' 'present']
 ['4' '16.48781456297688' 'present']
 ['9' '18.30210586653853' 'present']
 ['4' '22.258467576010727' 'marauded']
 ['0' '24.199378577704554' 'presentdestroyed']
 ['0' '38.911411493780626' 'present']
 ['11' '52.9963499456785' 'marauded']
 ['4' '54.095234040243604' 'presentdestroyed']
 ['18' '66.75903216520224' 'present']
 ['13' '67.33566603173725' 'present']
 ['12' '78.81038492964124' 'marauded']
 ['13' '99.48420338551058' 'present']
 ['11' '105.27869982580131' 'present']
 ['7' '114.33693895643803' 'present']
 ['4' '122.4597793010043' 'marauded']
 ['9' '136.33335730935073' 'marauded']
 ['12' '143.66855524700506' 'present']
 ['18' '158.82731498454777' 'marauded']
 ['5' '163.7581965024322' 'presentdestroyed']
 ['13' '175.36982280495968' 'present']
 ['9' '205.68670724002456' 'present']
 ['13' '210.63826863895358' 'present']
 ['18' '213.82878718925892' 'present']
 ['9' '215.83905728888655' 'present']
 ['9' '219.16305937094953' 'present']
 ['4' '219.38512385661988' 'marauded']
 ['0' '264.469253432422' 'present']
 ['11' '271.27750412342596' 'present']
 ['11' '281.87342618009524' 'present']
 ['4' '288.6264901137634' 'present']
 ['22' '299.19275019576367' 'present']
 ['11' '312.48983767229475' 'present']
 ['22' '323.1719453103024' 'present']
 ['22' '353.8873038201973' 'present']
 ['0' '356.1239488775057' 'marauded']
 ['9' '357.75835927792525' 'presentdestroyed']]","[['F61' '29.337521891064668' 'absentdestroyed']
 ['F195' '64.67474493132059' 'mated']
 ['F193' '80.33584378288634' 'destroyed']
 ['F76' '96.07390578816432' 'mated']
 ['F67' '100.7346635283471' 'mated']
 ['F175' '151.69001052477364' 'mated']
 ['F102' '152.89142454881' 'mated']
 ['F190' '172.65962369382547' 'mated']
 ['F162' '190.76767117169655' 'mated']
 ['F105' '194.85800025777294' 'mated']
 ['F189' '235.02569354665692' 'mated']
 ['F204' '246.24221225627454' 'mated']
 ['F152' '248.3256104155094' 'mated']
 ['F206' '250.85315065774788' 'mated']
 ['F21' '253.68517215534598' 'absent']
 ['F119' '257.13924720624766' 'mated']
 ['F26' '261.8076300401841' 'mated']
 ['F103' '270.17080673547594' 'absent']
 ['F138' '276.09937506404776' 'mated']
 ['F33' '289.4293415740247' 'mated']]",500.0,0.0,556.0,68.25944969691454,14.146091545000212,1445.0,245.87586513208262,52.63280481344131,277.0,45.881135820486996,9.525823207907903,0.0,0.0,0.0,0.0,0.0,0.0
21,0.0,8,360.422512784507,"[['22' '12.058139417073356' 'marauded']
 ['5' '15.383947760905437' 'presentdestroyed']
 ['12' '17.633194248153476' 'presentdestroyed']
 ['4' '18.385378569988497' 'presentdestroyed']
 ['22' '39.09707545985385' 'present']
 ['12' '45.68505398370142' 'present']
 ['22' '50.71155599915367' 'present']
 ['0' '53.74669382493713' 'present']
 ['0' '59.07874758608254' 'marauded']
 ['22' '65.99748751476653' 'presentdestroyed']
 ['12' '79.22435163219835' 'present']
 ['18' '86.59825502664138' 'present']
 ['22' '108.0653725155' 'present']
 ['13' '112.73942893407464' 'present']
 ['13' '131.74683233891258' 'present']
 ['12' '136.19215244396025' 'present']
 ['9' '137.14458333886614' 'present']
 ['5' '138.96991195601447' 'present']
 ['18' '147.85695250998296' 'present']
 ['18' '159.22816787578978' 'present']
 ['18' '164.14816152479278' 'present']
 ['0' '180.94736575029935' 'present']
 ['22' '181.25464274977173' 'present']
 ['7' '184.46203947875367' 'present']
 ['4' '188.73462953178108' 'present']
 ['7' '202.38333367234017' 'present']
 ['4' '205.06825588589348' 'marauded']
 ['22' '206.62937954805437' 'presentdestroyed']
 ['5' '208.8571599923123' 'presentdestroyed']
 ['11' '214.4696167707603' 'present']
 ['11' '224.34132211592689' 'present']
 ['0' '227.92502767298097' 'present']
 ['0' '243.48022278256042' 'marauded']
 ['7' '247.02499515732825' 'presentdestroyed']
 ['9' '248.5624261357651' 'presentdestroyed']
 ['13' '287.9936539555314' 'present']
 ['12' '314.3557677959189' 'present']
 ['22' '328.3876432875999' 'present']
 ['12' '336.75955616272455' 'present']
 ['11' '343.69932296214574' 'marauded']
 ['12' '350.9783371588158' 'marauded']]","[['F68' '68.71516722669023' 'absent']
 ['F193' '80.33815859770115' 'mated']
 ['F0' '166.23048824479574' 'mated']
 ['F153' '167.89856843631458' 'mated']
 ['F158' '178.02736142131883' 'mated']
 ['F43' '183.97721269051286' 'mated']
 ['F94' '184.94855043960504' 'mated']
 ['F134' '247.84630206033845' 'destroyed']
 ['F134' '247.85556131959768' 'destroyed']
 ['F59' '248.02228142692002' 'destroyed']
 ['F89' '292.96729985461377' 'mated']
 ['F2' '299.6933339574093' 'mated']]",500.0,100.0,570.0,71.44852488307818,14.53151282460499,1523.0,251.71432083376607,52.932097235247035,210.0,36.927027676653914,8.357867053897657,0.0,0.0,0.0,0.0,0.0,0.0
22,0.054,11,360.3695119908482,"[['5' '40.61327978185988' 'present']
 ['9' '70.86195055077863' 'marauded']
 ['4' '72.25919151456574' 'destroyed']
 ['0' '76.06471850152813' 'presentdestroyed']
 ['13' '77.90252548986861' 'presentdestroyed']
 ['7' '86.26703235656849' 'present']
 ['9' '100.84390462410295' 'present']
 ['7' '111.6716775247024' 'present']
 ['7' '115.14486458922966' 'marauded']
 ['0' '115.19598579559506' 'destroyed']
 ['0' '126.64177176167398' 'present']
 ['9' '127.83774479301478' 'present']
 ['12' '131.09393800273017' 'present']
 ['18' '139.18188970274818' 'present']
 ['13' '158.71248795889943' 'marauded']
 ['0' '166.6660005644845' 'present']
 ['5' '185.2106972949906' 'present']
 ['11' '185.39148026998672' 'marauded']
 ['18' '185.68511476851364' 'presentdestroyed']
 ['9' '204.16662961941358' 'present']
 ['4' '233.78572249205888' 'present']
 ['12' '250.00131031185543' 'present']
 ['5' '250.13613090789303' 'present']
 ['5' '256.2804388951044' 'present']
 ['9' '261.85455478940594' 'present']
 ['0' '264.2545950260063' 'present']
 ['4' '270.749543024465' 'present']
 ['9' '276.9741228296134' 'present']
 ['11' '287.743055659919' 'present']
 ['5' '292.71574810707517' 'present']
 ['11' '304.7360406167471' 'present']
 ['12' '309.8837692460805' 'present']
 ['5' '310.7645555693885' 'present']
 ['5' '321.49811824210275' 'present']
 ['7' '323.32597571346423' 'present']
 ['18' '338.0035416733734' 'present']
 ['13' '343.89004987239065' 'present']
 ['13' '348.3383072982123' 'present']
 ['4' '358.13283587559357' 'present']
 ['13' '358.56869116652024' 'present']]","[['F36' '80.76467026355041' 'mated']
 ['F11' '86.80958803387196' 'mated']
 ['F114' '135.3306590293654' 'mated']
 ['F96' '157.34903245789366' 'mated']
 ['F130' '162.19792645803238' 'destroyed']
 ['F51' '163.41291850034224' 'destroyed']
 ['F120' '203.6174531508878' 'mated']
 ['F212' '214.6465860378758' 'mated']
 ['F209' '221.8520904319164' 'mated']
 ['F87' '236.89380483645596' 'mated']
 ['F25' '240.15395271761957' 'mated']
 ['F140' '290.6508413698644' 'mated']
 ['F2' '299.6910191425945' 'absent']
 ['F18' '324.24257774509783' 'mated']]",500.0,200.0,575.0,67.44678771610074,13.351606407248978,1563.0,265.1738398284577,57.14206014420706,144.0,24.41616435627282,5.263658576206085,22.0,2.2000000000000006,0.22000000000000014,102.0,0.8733372297300541,0.008509087791495203
23,0.0,5,360.6496902363233,"[['22' '7.480060910804703' 'present']
 ['22' '10.995188710002063' 'present']
 ['13' '16.02831076718585' 'present']
 ['9' '31.709694770468335' 'present']
 ['7' '37.468271907575364' 'present']
 ['13' '43.470978680541215' 'marauded']
 ['9' '52.69037311726343' 'present']
 ['18' '72.73703179531157' 'present']
 ['13' '78.22005998248235' 'present']
 ['7' '94.46557199018676' 'present']
 ['9' '97.63487269026606' 'present']
 ['5' '106.51085492891852' 'marauded']
 ['4' '110.49086094643494' 'presentdestroyed']
 ['4' '113.09931473904503' 'presentdestroyed']
 ['11' '122.61973480482006' 'present']
 ['5' '124.1033875797234' 'present']
 ['11' '128.3916723734639' 'present']
 ['13' '141.7162610263686' 'present']
 ['7' '148.94545723320135' 'present']
 ['4' '154.1908653484066' 'present']
 ['4' '157.50221647505924' 'present']
 ['4' '157.51256864162173' 'present']
 ['13' '159.33310699786657' 'present']
 ['22' '169.99379275005967' 'present']
 ['9' '170.74427266451994' 'present']
 ['0' '184.0116259079713' 'present']
 ['4' '185.53398829534376' 'present']
 ['9' '202.22704309153383' 'present']
 ['9' '208.73081116963323' 'present']
 ['7' '237.9966785312821' 'present']
 ['18' '242.71919663630507' 'marauded']
 ['18' '251.29276847897833' 'present']
 ['13' '256.8230672457333' 'marauded']
 ['12' '270.0680795409008' 'present']
 ['7' '309.78256538569565' 'present']
 ['11' '310.4996540661347' 'present']
 ['0' '317.90632399123035' 'marauded']
 ['4' '338.73836542900176' 'present']
 ['0' '340.92416502328126' 'present']
 ['0' '352.4104840663638' 'present']
 ['11' '357.29920299727974' 'present']
 ['13' '358.35732513372926' 'marauded']]","[['F32' '53.48317116313687' 'mated']
 ['F149' '137.53261102369916' 'mated']
 ['F188' '145.42874288589903' 'mated']
 ['F80' '148.02050507628903' 'mated']
 ['F116' '188.11360775790277' 'mated']
 ['F134' '247.84167243070883' 'destroyed']
 ['F41' '247.8792470908859' 'destroyed']
 ['F41' '247.89593945790196' 'destroyed']
 ['F9' '261.3664478142951' 'absentdestroyed']
 ['F112' '291.5177682853272' 'absent']]",500.0,300.0,569.0,69.66022224724914,14.168534230926214,1574.0,258.4816166911895,54.37463503647345,203.0,32.08802418089807,6.406502563424139,0.0,0.0,0.0,0.0,0.0,0.0
