id,probability_maraud,successful_mating,next_foraging_time,mar_attempts,mate_attempts,x_pos,y_pos,foraging_events,foraging_hrs,foraging_sqhrs,staying_events,staying_hrs,staying_sqhrs,repairing_events,repairing_hrs,repairing_sqhrs,marauding_events,marauding_hrs,marauding_sqhrs,traveling_events,traveling_hrs,traveling_sqhrs
0,0.054,7,360.0702750532276,"[['11' '3.192722484712214' 'present']
 ['8' '14.336528771185163' 'marauded']
 ['8' '23.603254533596495' 'present']
 ['8' '28.609832775285543' 'marauded']
 ['7' '37.70063555759903' 'marauded']
 ['8' '38.46696137184641' 'presentdestroyed']
 ['8' '42.47001110528688' 'presentdestroyed']
 ['8' '45.338978695247455' 'present']
 ['11' '50.018124055397365' 'present']
 ['8' '52.61105813491242' 'present']
 ['11' '59.159698185670784' 'present']
 ['9' '66.7326720669689' 'marauded']
 ['11' '81.8264015287976' 'marauded']
 ['11' '86.20144678656625' 'destroyed']
 ['3' '87.83433944318568' 'presentdestroyed']
 ['11' '95.83196132502849' 'present']
 ['5' '100.12013093168049' 'marauded']
 ['2' '103.00109485964573' 'destroyed']
 ['10' '104.19711382542924' 'presentdestroyed']
 ['8' '113.32990255903195' 'present']
 ['6' '121.3158355913313' 'marauded']
 ['11' '130.42376911318814' 'marauded']
 ['2' '132.19422533223278' 'presentdestroyed']
 ['11' '133.45947555334592' 'presentdestroyed']
 ['10' '138.07882341829063' 'present']
 ['2' '143.29896463841078' 'present']
 ['9' '151.17310913722753' 'present']
 ['8' '159.88958129463865' 'present']
 ['2' '163.83062859683062' 'marauded']
 ['8' '172.77532463188214' 'present']
 ['11' '185.91202321019688' 'marauded']
 ['3' '188.66111246951974' 'presentdestroyed']
 ['6' '197.04671053809415' 'present']
 ['8' '199.15887464477868' 'present']
 ['2' '199.64466777005117' 'present']
 ['2' '200.77276922342125' 'present']
 ['10' '204.95181086679744' 'marauded']
 ['10' '210.20856255235506' 'presentdestroyed']
 ['8' '213.45522309915626' 'present']
 ['8' '216.361891297933' 'present']
 ['6' '224.64429644605093' 'present']
 ['10' '240.4882745557531' 'present']
 ['6' '247.44300534903525' 'present']
 ['9' '254.49851186506405' 'present']
 ['8' '263.94251341194905' 'present']
 ['6' '273.40629323467806' 'present']
 ['6' '280.40962362798376' 'present']
 ['5' '282.98689340808903' 'present']
 ['11' '289.441943858215' 'present']
 ['6' '290.6777347381573' 'present']
 ['6' '306.426425729179' 'present']
 ['9' '309.9023076924729' 'present']
 ['10' '313.1179735723807' 'present']
 ['5' '313.47796756550497' 'present']
 ['3' '321.23262047170107' 'present']
 ['11' '321.3570086735904' 'marauded']
 ['4' '326.39009867998715' 'presentdestroyed']
 ['9' '328.3349357355916' 'presentdestroyed']
 ['4' '329.3343367864784' 'marauded']
 ['10' '334.53119278068783' 'destroyed']
 ['9' '338.3784212438959' 'present']
 ['7' '343.91787679188053' 'present']
 ['9' '351.03196406421273' 'marauded']
 ['11' '358.30616972378647' 'presentdestroyed']
 ['9' '358.51186226964506' 'present']]","[['F35' '2.960089089673917' 'absent']
 ['F42' '25.206027840941037' 'mated']
 ['F27' '109.4961661621663' 'absent']
 ['F78' '137.20963116096976' 'destroyed']
 ['F70' '151.19957585662408' 'mated']
 ['F75' '172.38092625845317' 'mated']
 ['F77' '179.28735408888227' 'mated']
 ['F103' '205.1252941255798' 'destroyed']
 ['F72' '213.2021282746152' 'absent']
 ['F97' '256.1910364755714' 'mated']
 ['F68' '308.4740185214237' 'mated']
 ['F26' '325.0097146898035' 'destroyed']
 ['F84' '338.8699501113742' 'mated']]",0.0,0.0,571.0,70.60620484310033,15.178579494042728,1176.0,202.0191199232417,43.99401261387291,494.0,85.50075507644829,18.3763486840677,14.0,1.4000000000000001,0.14000000000000007,71.0,0.4895274595639328,0.003665123456790124
1,0.0,10,360.22946554723933,"[['10' '3.2213583842774307' 'present']
 ['3' '14.560833985839423' 'present']
 ['8' '14.676681167414479' 'present']
 ['10' '23.507620464951565' 'present']
 ['3' '31.238640061905308' 'marauded']
 ['6' '32.35421860778295' 'destroyed']
 ['2' '33.81999078927056' 'presentdestroyed']
 ['7' '36.21509995998702' 'destroyed']
 ['3' '44.2365114434262' 'present']
 ['11' '45.784595319833244' 'present']
 ['2' '46.611034850789146' 'present']
 ['9' '50.1062826828084' 'present']
 ['11' '60.51196747288908' 'present']
 ['4' '64.66261854415977' 'present']
 ['11' '64.92243012920163' 'present']
 ['3' '69.00775630308796' 'present']
 ['3' '70.33967770939543' 'present']
 ['5' '73.95702034045696' 'present']
 ['10' '78.54746994992311' 'present']
 ['0' '80.26006880531841' 'present']
 ['9' '89.16686935823478' 'present']
 ['3' '97.14822295969314' 'present']
 ['7' '105.31844960600377' 'present']
 ['3' '105.92547631806119' 'marauded']
 ['0' '113.66374612932492' 'present']
 ['11' '116.36441858603675' 'marauded']
 ['4' '121.23335628623296' 'presentdestroyed']
 ['7' '125.62299742453195' 'present']
 ['3' '129.29947189354812' 'present']
 ['10' '134.27913742050032' 'present']
 ['6' '138.7009001532388' 'present']
 ['3' '140.73479275329868' 'marauded']
 ['3' '150.05152447317974' 'marauded']
 ['9' '151.97558624620922' 'presentdestroyed']
 ['4' '155.43058577013696' 'presentdestroyed']
 ['9' '155.5537975845949' 'presentdestroyed']
 ['4' '159.80969157640234' 'present']
 ['4' '164.3091571951951' 'present']
 ['11' '174.27850524369939' 'marauded']
 ['6' '179.93407095237245' 'presentdestroyed']
 ['2' '192.042514735134' 'present']
 ['11' '193.47439127937588' 'present']
 ['7' '195.30991349375358' 'marauded']
 ['11' '197.02620853120976' 'presentdestroyed']
 ['7' '198.23326860179918' 'destroyed']
 ['4' '207.2870551692016' 'present']
 ['4' '207.29168479883123' 'present']
 ['7' '209.9069538024022' 'present']
 ['2' '211.63009033174515' 'present']
 ['0' '215.41882236878757' 'present']
 ['4' '219.3773463247364' 'present']
 ['7' '226.9984220616699' 'marauded']
 ['9' '236.80279278729572' 'present']
 ['0' '244.5337094523278' 'marauded']
 ['3' '245.29638733277378' 'presentdestroyed']
 ['11' '260.5414373337938' 'present']
 ['4' '262.38866978359556' 'present']
 ['2' '263.5478056842252' 'present']
 ['4' '273.3800839259982' 'present']
 ['5' '277.73827070310904' 'present']
 ['7' '286.01669479160665' 'present']
 ['7' '288.07614021449064' 'present']
 ['9' '289.3783319021466' 'present']
 ['11' '295.4068856945769' 'present']
 ['11' '296.3434754299379' 'present']
 ['5' '301.89989902866597' 'present']
 ['8' '307.1375418741924' 'present']
 ['5' '308.98368627601735' 'present']
 ['4' '314.21690836198326' 'present']
 ['5' '317.61447980084205' 'present']
 ['11' '321.86293403388356' 'marauded']
 ['10' '327.39365283422006' 'destroyed']
 ['3' '327.7669398399583' 'presentdestroyed']
 ['0' '345.0448491929481' 'present']
 ['2' '347.38677697060695' 'present']
 ['5' '351.65559946457427' 'present']
 ['4' '357.58592726617144' 'marauded']]","[['F101' '63.19705775646168' 'mated']
 ['F39' '92.57544277581158' 'mated']
 ['F53' '122.98295612255664' 'absentdestroyed']
 ['F94' '140.3866581572985' 'mated']
 ['F93' '146.3031609654589' 'destroyed']
 ['F15' '151.64248744303788' 'destroyed']
 ['F91' '172.60091832438783' 'mated']
 ['F54' '178.6273426554094' 'destroyed']
 ['F18' '182.71606732753585' 'mated']
 ['F51' '190.34064292420234' 'mated']
 ['F85' '240.45568723899157' 'mated']
 ['F50' '241.92671998093402' 'mated']
 ['F92' '248.6258348663467' 'absentdestroyed']
 ['F55' '280.09915745705604' 'mated']
 ['F2' '303.3251803786324' 'mated']]",0.0,100.0,561.0,73.19044160252604,15.914717086420248,1338.0,223.8648510065285,47.9030713928775,365.0,63.27121449913435,13.655735239279576,0.0,0.0,0.0,0.0,0.0,0.0
2,0.054,4,360.27967596047273,"[['5' '2.027732408380989' 'present']
 ['8' '9.669628503218943' 'present']
 ['3' '10.640047763868656' 'present']
 ['9' '16.933841550638018' 'present']
 ['4' '25.776732945383912' 'present']
 ['9' '30.188010998441772' 'present']
 ['9' '51.00887159945401' 'present']
 ['5' '55.071960804478586' 'marauded']
 ['8' '55.88051435759429' 'presentdestroyed']
 ['7' '60.19107548369718' 'presentdestroyed']
 ['7' '69.38698965459405' 'present']
 ['5' '70.5869960977018' 'present']
 ['3' '80.0942767327628' 'present']
 ['4' '84.50070664321338' 'marauded']
 ['9' '86.16509836108864' 'presentdestroyed']
 ['9' '94.1102623918549' 'present']
 ['9' '94.56817258366554' 'present']
 ['11' '96.64893273859985' 'present']
 ['9' '100.85721804244409' 'present']
 ['8' '105.69243036734855' 'present']
 ['8' '107.29944499204123' 'present']
 ['11' '112.47748715832198' 'present']
 ['3' '112.86235670416961' 'present']
 ['4' '114.03953160842481' 'present']
 ['0' '120.50131746979808' 'marauded']
 ['11' '123.80158615906302' 'presentdestroyed']
 ['11' '126.36055684567869' 'presentdestroyed']
 ['11' '133.01441716025673' 'marauded']
 ['8' '135.47552090486522' 'destroyed']
 ['11' '138.0015478817342' 'destroyed']
 ['5' '144.28525874363976' 'present']
 ['3' '145.54063336719236' 'present']
 ['10' '162.72109548168476' 'present']
 ['10' '163.49669829669133' 'present']
 ['11' '173.547130895388' 'present']
 ['3' '181.9819176424117' 'present']
 ['6' '182.41859724454343' 'marauded']
 ['8' '184.2034223524717' 'presentdestroyed']
 ['3' '188.65089438256982' 'presentdestroyed']
 ['10' '188.95264312663426' 'presentdestroyed']
 ['10' '199.72656016875484' 'present']
 ['5' '200.56051906411176' 'present']
 ['10' '201.28183755154143' 'marauded']
 ['5' '201.3890789523844' 'presentdestroyed']
 ['6' '216.04110389925276' 'present']
 ['11' '229.19855442672204' 'present']
 ['4' '233.24537571275195' 'marauded']
 ['11' '233.3762235871668' 'presentdestroyed']
 ['5' '233.9687213897071' 'presentdestroyed']
 ['10' '236.72281515758905' 'presentdestroyed']
 ['11' '247.1493544884321' 'present']
 ['6' '248.07273110012852' 'present']
 ['4' '250.05281984717513' 'present']
 ['10' '250.7723065428569' 'marauded']
 ['7' '253.0928867427412' 'presentdestroyed']
 ['9' '261.01636578154694' 'present']
 ['0' '269.6849140700527' 'present']
 ['11' '272.7032387845532' 'present']
 ['7' '273.2247875133058' 'marauded']
 ['8' '273.3462634153773' 'destroyed']
 ['5' '273.6287319175493' 'presentdestroyed']
 ['9' '275.26549927073285' 'presentdestroyed']
 ['4' '280.79488224610486' 'presentdestroyed']
 ['11' '285.2132572798296' 'present']
 ['3' '285.2536156075733' 'present']
 ['11' '296.2378869726175' 'marauded']
 ['9' '297.0943433122684' 'presentdestroyed']
 ['0' '299.9132819608502' 'presentdestroyed']
 ['7' '306.69986381664114' 'present']
 ['3' '320.1438551824086' 'present']
 ['11' '325.2813540491924' 'marauded']
 ['6' '330.21395254569836' 'presentdestroyed']
 ['10' '338.14127809170924' 'present']
 ['4' '347.4641649070878' 'present']
 ['6' '352.5752718403969' 'marauded']
 ['5' '354.46662953024907' 'presentdestroyed']
 ['5' '357.40540869641427' 'destroyed']]","[['F35' '2.962403904488732' 'mated']
 ['F100' '7.356211069395334' 'mated']
 ['F1' '171.24876093574227' 'mated']
 ['F18' '182.71047887021555' 'destroyed']
 ['F74' '242.7243092514613' 'absent']
 ['F74' '242.73642977918698' 'absent']
 ['F59' '259.1532407904115' 'mated']
 ['F8' '279.73837343364977' 'absentdestroyed']
 ['F49' '329.1139602830496' 'absentdestroyed']]",0.0,200.0,563.0,72.20153965515605,16.007197174074136,1259.0,213.05834642040065,45.95566373724483,441.0,73.19111628757653,15.81824366128383,13.0,1.3,0.13000000000000006,71.0,0.4943948192074837,0.0037722908093278476
3,0.054,14,360.35586297894463,"[['8' '15.149016231816294' 'marauded']
 ['7' '20.585638910865164' 'presentdestroyed']
 ['11' '23.506096169686806' 'present']
 ['5' '28.53367826844302' 'present']
 ['6' '31.18481546976987' 'present']
 ['11' '39.62929934407583' 'present']
 ['10' '45.357059162524195' 'marauded']
 ['8' '54.550971947532176' 'present']
 ['10' '56.45880208072778' 'present']
 ['4' '61.2545539285127' 'present']
 ['9' '63.50521775188555' 'present']
 ['11' '72.12744220543418' 'marauded']
 ['2' '79.39941616641983' 'present']
 ['5' '80.56605031249158' 'present']
 ['4' '83.53829603454993' 'present']
 ['9' '85.37820844456327' 'present']
 ['4' '86.3126523794488' 'present']
 ['6' '90.00546465097904' 'present']
 ['2' '99.64114582565325' 'present']
 ['5' '100.11454247436019' 'present']
 ['8' '103.39234617933775' 'present']
 ['11' '115.42832364418234' 'marauded']
 ['8' '115.69489793660257' 'presentdestroyed']
 ['10' '134.0948654897091' 'present']
 ['6' '137.2559734512922' 'present']
 ['0' '142.71803681840933' 'present']
 ['6' '158.36771385141387' 'present']
 ['5' '159.58623026597203' 'present']
 ['8' '170.22508761831307' 'present']
 ['2' '175.07554503300278' 'present']
 ['6' '182.41110634644738' 'present']
 ['7' '186.42993450284325' 'present']
 ['4' '189.40566628096545' 'present']
 ['7' '194.48583464167922' 'present']
 ['10' '201.07178179529348' 'present']
 ['8' '214.6292672049554' 'present']
 ['2' '219.61967598758085' 'present']
 ['4' '220.39454305315263' 'present']
 ['4' '225.82565385624127' 'present']
 ['9' '234.6417007592524' 'marauded']
 ['6' '235.8768591675252' 'presentdestroyed']
 ['6' '237.57590373364792' 'presentdestroyed']
 ['6' '240.459418205156' 'presentdestroyed']
 ['0' '256.28440148673576' 'marauded']
 ['0' '269.8960604125787' 'present']
 ['6' '276.14387289364066' 'present']
 ['7' '299.5683514523723' 'present']
 ['9' '305.84423676066694' 'present']
 ['9' '316.11586717431476' 'present']
 ['7' '348.2822883765771' 'present']
 ['2' '352.1272770773729' 'present']
 ['11' '354.2456714324542' 'present']
 ['11' '359.68826291317055' 'present']]","[['F48' '61.74180063864842' 'mated']
 ['F14' '66.33550585403788' 'absent']
 ['F36' '111.30527293467861' 'mated']
 ['F34' '131.69831717591313' 'mated']
 ['F78' '137.2165756054142' 'mated']
 ['F104' '145.4436010639504' 'mated']
 ['F30' '151.185009944934' 'mated']
 ['F58' '178.82367609041995' 'mated']
 ['F86' '199.07966818360086' 'mated']
 ['F50' '241.92344633842853' '']
 ['F52' '246.40302440226387' 'mated']
 ['F5' '248.0554834266615' 'mated']
 ['F92' '248.6291085088522' 'mated']
 ['F64' '256.5477565407134' 'destroyed']
 ['F31' '279.9792048388846' 'mated']
 ['F49' '329.12241000883637' 'mated']
 ['F107' '351.34078601931446' 'mated']]",100.0,0.0,565.0,69.00915661048778,13.949636426615672,1496.0,252.35699168722223,53.84606872203468,219.0,36.5697142345073,7.624656090501658,15.0,1.5000000000000002,0.15000000000000008,84.0,0.5851306148411223,0.004436728395061731
4,0.054,10,360.30826497186615,"[['0' '4.4224367234462525' 'marauded']
 ['7' '13.046667883975564' 'present']
 ['2' '15.389895957052836' 'marauded']
 ['10' '23.76632800888821' 'present']
 ['6' '37.441564988431814' 'present']
 ['3' '40.83565076304995' 'present']
 ['11' '41.31468732599381' 'marauded']
 ['2' '43.82841372429915' 'presentdestroyed']
 ['7' '53.4068066455595' 'present']
 ['10' '53.695246893741796' 'present']
 ['9' '57.297941939986096' 'present']
 ['5' '58.34923580775384' 'present']
 ['7' '63.827806641468655' 'present']
 ['5' '66.46558630458257' 'present']
 ['7' '68.35113140116479' 'present']
 ['7' '68.8023193231137' 'present']
 ['10' '79.22360206218283' 'present']
 ['9' '91.10683769996342' 'marauded']
 ['7' '99.51775620182043' 'present']
 ['6' '107.08493300162282' 'present']
 ['3' '107.12225601818064' 'present']
 ['2' '111.96312037749716' 'present']
 ['5' '122.96724684841499' 'marauded']
 ['9' '128.249374485244' 'presentdestroyed']
 ['10' '132.96692415354556' 'present']
 ['5' '135.01440277458818' 'present']
 ['7' '137.39161469228947' 'present']
 ['10' '138.33237895203243' 'present']
 ['2' '141.91815963954983' 'present']
 ['2' '146.00470991034447' 'marauded']
 ['9' '151.16561823913148' 'destroyed']
 ['5' '170.25031380096237' 'present']
 ['0' '184.23581687943752' 'present']
 ['0' '185.47082918588094' 'present']
 ['3' '208.80952724517056' 'marauded']
 ['5' '209.30588905922946' 'presentdestroyed']
 ['3' '220.89906110362205' 'present']
 ['2' '220.90336644570854' 'present']
 ['8' '221.2223377186613' 'present']
 ['10' '223.78225751140798' 'present']
 ['8' '223.90989011371047' 'present']
 ['0' '244.6392979096481' 'present']
 ['0' '249.70165497625484' 'present']
 ['9' '256.02295252717556' 'present']
 ['2' '259.7698627260255' 'present']
 ['5' '271.5606914241569' 'present']
 ['5' '279.4026889798841' 'present']
 ['10' '287.08812484813427' 'present']
 ['8' '298.969682801527' 'present']
 ['5' '301.6837393339453' 'marauded']
 ['3' '307.0371059372017' 'presentdestroyed']
 ['2' '315.6578769910336' 'marauded']
 ['0' '316.49484129512166' 'presentdestroyed']
 ['11' '322.54438302405623' 'presentdestroyed']
 ['7' '325.175309580358' 'present']
 ['10' '331.5880276419776' 'present']
 ['11' '334.8369607340505' 'present']
 ['3' '349.83314738776227' 'marauded']
 ['2' '350.791969282284' 'presentdestroyed']
 ['2' '352.30475256783956' 'presentdestroyed']
 ['6' '352.6837215661837' 'presentdestroyed']]","[['F65' '101.24380589422881' 'mated']
 ['F44' '123.74709670110907' 'absentdestroyed']
 ['F93' '146.29621652101446' 'destroyed']
 ['F102' '150.5100613531938' 'destroyed']
 ['F102' '150.51932061245304' 'destroyed']
 ['F15' '151.64017262822307' 'destroyed']
 ['F93' '158.31296667836975' 'mated']
 ['F11' '159.98098556317512' 'mated']
 ['F12' '169.32942708032945' 'mated']
 ['F46' '170.25523843374762' 'mated']
 ['F106' '176.06311458565094' 'mated']
 ['F54' '178.6296574702242' 'mated']
 ['F87' '202.77173088519217' 'mated']
 ['F24' '217.80797084350615' 'mated']
 ['F71' '221.99331580760148' 'mated']
 ['F64' '256.54544172589857' 'absent']]",100.0,100.0,589.0,72.67607674155394,15.4402593752124,1301.0,224.9277125722062,48.45780007428106,376.0,61.18440446401183,13.053010999668679,9.0,0.8999999999999999,0.09000000000000002,73.0,0.49346862468731023,0.0037079903978052145
5,0.054,4,360.4210292353642,"[['8' '10.566159044012688' 'present']
 ['7' '35.172980724906274' 'marauded']
 ['11' '35.17327570456425' 'destroyed']
 ['4' '37.72041490807095' 'presentdestroyed']
 ['6' '38.20154410551841' 'presentdestroyed']
 ['11' '38.588098265785646' 'presentdestroyed']
 ['11' '56.20989495012407' 'present']
 ['10' '58.88141300045975' 'marauded']
 ['7' '61.22705634471235' 'presentdestroyed']
 ['4' '84.60629510053367' 'present']
 ['10' '85.12596890140276' 'present']
 ['10' '92.65907108395922' 'marauded']
 ['2' '98.28814658506819' 'presentdestroyed']
 ['0' '99.11818812519093' 'presentdestroyed']
 ['2' '105.54502716576164' 'present']
 ['4' '112.03407255535652' 'present']
 ['3' '132.72709860376042' 'present']
 ['8' '135.0203644620611' 'present']
 ['0' '148.43437658688867' 'present']
 ['6' '149.5773103494533' 'present']
 ['7' '152.17005080039286' 'present']
 ['9' '155.85026338649843' 'present']
 ['10' '172.75022707885407' 'present']
 ['0' '172.96681226082137' 'marauded']
 ['4' '176.5586546605393' 'presentdestroyed']
 ['9' '179.5549755750378' 'presentdestroyed']
 ['9' '184.98433217681193' 'marauded']
 ['4' '193.24057125148033' 'present']
 ['7' '197.5871975365599' 'present']
 ['2' '198.95670111098886' 'present']
 ['0' '201.41795908215005' 'present']
 ['8' '205.01715982066654' 'present']
 ['8' '215.46723043611868' 'present']
 ['0' '216.89514411469096' 'present']
 ['6' '224.85459950760978' 'present']
 ['2' '230.14234737411167' 'present']
 ['0' '239.19345130578594' 'present']
 ['6' '247.33510207690014' 'marauded']
 ['7' '251.5384833793874' 'presentdestroyed']
 ['11' '261.510100313967' 'present']
 ['8' '263.93502251385297' 'present']
 ['6' '264.4629132215199' 'present']
 ['6' '264.4853327882789' 'present']
 ['2' '265.291389340517' 'present']
 ['11' '270.9309914047655' 'present']
 ['3' '271.68298314983315' 'present']
 ['0' '272.6268522966085' 'present']
 ['3' '281.29231592538974' 'present']
 ['10' '282.3242319723701' 'present']
 ['3' '283.17364324828156' 'present']
 ['0' '287.1716435159302' 'present']
 ['3' '294.592957571767' 'present']
 ['0' '305.3123495128707' 'present']
 ['8' '310.1639722968347' 'present']
 ['0' '317.8661468680828' 'present']
 ['6' '325.0500869735667' 'present']
 ['8' '327.3135495926943' 'present']
 ['8' '328.38637188724186' 'marauded']
 ['9' '330.83224800364735' 'presentdestroyed']
 ['10' '331.45724814156563' 'presentdestroyed']
 ['3' '334.0014461874218' 'destroyed']
 ['0' '343.8601837294821' 'present']
 ['0' '346.9498160352023' 'present']
 ['6' '348.875692419389' 'present']
 ['9' '351.13945496230883' 'present']
 ['4' '359.0967155229775' 'marauded']]","[['F48' '61.739485823833604' 'destroyed']
 ['F14' '66.33319103922307' 'absent']
 ['F13' '115.37554005909173' 'mated']
 ['F53' '122.98622976506213' 'absent']
 ['F72' '213.2054019171207' 'mated']
 ['F7' '228.3664346646873' 'absent']
 ['F25' '245.38651721052813' 'mated']
 ['F64' '256.54312691108373' 'absent']
 ['F37' '269.1977741143783' 'mated']]",100.0,200.0,541.0,68.95522825394285,14.61019057046843,1445.0,245.80444869173735,52.78053307952225,250.0,43.46137585805215,9.593276692694854,13.0,1.3,0.13000000000000006,81.0,0.5811735872336029,0.004608196159122088
6,0.054,11,360.585397755642,"[['2' '0.9499431602914616' 'present']
 ['3' '3.729032301548547' 'present']
 ['11' '7.321148835366236' 'present']
 ['2' '8.396560794382411' 'marauded']
 ['7' '17.744514374381257' 'present']
 ['4' '30.610228830986106' 'present']
 ['2' '32.07442600935807' 'present']
 ['0' '35.671837524640324' 'present']
 ['10' '42.58748839514175' 'present']
 ['5' '48.36213658142793' 'marauded']
 ['4' '50.13168766252098' 'presentdestroyed']
 ['3' '53.659881027973015' 'presentdestroyed']
 ['3' '53.85052829270641' 'presentdestroyed']
 ['10' '55.29621793911543' 'presentdestroyed']
 ['2' '65.50987701525987' 'present']
 ['10' '80.91174066187996' 'present']
 ['8' '99.02996266639381' 'marauded']
 ['7' '106.92413072161138' 'presentdestroyed']
 ['8' '113.03289181236846' 'marauded']
 ['9' '134.41909290673118' 'present']
 ['3' '138.74569479053946' 'present']
 ['7' '150.90273826334902' 'present']
 ['4' '153.60653112810357' 'present']
 ['2' '172.84826261613566' 'present']
 ['3' '188.65648283989012' 'present']
 ['7' '198.2402130462436' 'marauded']
 ['9' '205.91303769768962' 'presentdestroyed']
 ['11' '215.06746225296658' 'present']
 ['7' '226.31240202497335' 'present']
 ['3' '227.84338023535778' 'present']
 ['3' '232.01996858920734' 'present']
 ['11' '236.82636775160458' 'present']
 ['11' '247.12349269979498' 'present']
 ['2' '248.04554316101022' 'present']
 ['8' '265.6896546506671' 'present']
 ['8' '268.4557534986565' 'present']
 ['2' '270.35138498852615' 'present']
 ['3' '279.74358009055595' 'present']
 ['8' '282.13555429389993' 'present']
 ['0' '284.46285217941306' 'present']
 ['10' '285.0029779300219' 'present']
 ['7' '290.2379530935878' 'present']
 ['9' '294.72560598691507' 'present']
 ['5' '295.7156265651316' 'present']
 ['0' '296.0917916845382' 'present']
 ['8' '309.16157529556364' 'marauded']
 ['0' '312.24279681143486' 'presentdestroyed']
 ['0' '313.8491069411241' 'presentdestroyed']
 ['8' '318.8710604060901' 'present']
 ['4' '326.05129307492723' 'present']
 ['4' '329.67667533596523' 'present']
 ['3' '333.1659294396966' 'present']
 ['9' '343.2533995504332' 'present']
 ['3' '344.45096573942527' 'present']
 ['7' '344.9778760450668' 'present']]","[['F32' '41.94219996442048' 'mated']
 ['F98' '87.01110482244333' 'mated']
 ['F43' '131.5848686124722' 'mated']
 ['F94' '140.3749347890063' 'absent']
 ['F94' '140.38148207401727' 'absent']
 ['F81' '144.05390995152217' 'mated']
 ['F15' '151.64766352631912' 'absent']
 ['F96' '155.59296454715215' 'mated']
 ['F102' '162.52259425495853' 'mated']
 ['F12' '169.32615343782396' 'absent']
 ['F47' '174.1980868916092' 'absent']
 ['F82' '184.95638648603486' 'mated']
 ['F45' '191.08573414633355' 'mated']
 ['F80' '204.8137543402722' 'destroyed']
 ['F103' '205.1206644959502' 'destroyed']
 ['F103' '205.12992375520943' 'destroyed']
 ['F60' '223.69514732307627' 'mated']
 ['F88' '228.30960372080725' 'mated']
 ['F69' '257.99420943090945' 'absent']
 ['F0' '322.65138062572447' 'mated']]",200.0,0.0,574.0,71.69907374560262,14.688479967549593,1474.0,250.62788406032934,54.440816515254184,221.0,36.32141280751664,7.439765007380661,9.0,0.8999999999999999,0.09000000000000002,80.0,0.4972937766415721,0.003407921810699589
7,0.054,8,360.6808605224596,"[['2' '2.82925953376789' 'present']
 ['10' '3.7763758280620126' 'marauded']
 ['0' '5.017307246598259' 'presentdestroyed']
 ['8' '5.994804099813885' 'presentdestroyed']
 ['6' '16.277807880503026' 'present']
 ['2' '16.549723501580814' 'present']
 ['2' '24.384898455232758' 'present']
 ['2' '24.909787641776454' 'present']
 ['8' '26.262042965756546' 'present']
 ['6' '33.89964828913967' 'present']
 ['3' '41.82356477941554' 'present']
 ['11' '42.47351003590383' 'marauded']
 ['5' '49.10218262747746' 'presentdestroyed']
 ['4' '59.11534153023073' 'present']
 ['4' '62.6529750847274' 'present']
 ['9' '68.68131653929446' 'present']
 ['3' '69.01430358809894' 'present']
 ['3' '91.04953512875657' 'marauded']
 ['9' '98.23175101558664' 'presentdestroyed']
 ['4' '102.98325862462895' 'present']
 ['2' '103.95712704628322' 'present']
 ['3' '107.12784447550094' 'present']
 ['5' '110.58056434114935' 'marauded']
 ['0' '118.88915292707381' 'destroyed']
 ['11' '119.20232527416692' 'destroyed']
 ['6' '123.7977669912891' 'present']
 ['6' '128.09567231821748' 'present']
 ['10' '128.44409798814996' 'marauded']
 ['4' '136.8187268753852' 'present']
 ['0' '138.28663937680975' 'present']
 ['5' '146.3979854469774' 'present']
 ['5' '166.9068679120857' 'present']
 ['2' '168.1182708056387' 'marauded']
 ['6' '168.50979820040703' 'presentdestroyed']
 ['9' '185.09278190259866' 'present']
 ['6' '186.5683649990109' 'present']
 ['10' '187.46330364407572' 'present']
 ['6' '197.3654557017686' 'present']
 ['0' '200.06932705791473' 'present']
 ['10' '201.06429089719742' 'present']
 ['4' '208.40986156307417' 'present']
 ['0' '215.77513810996894' 'marauded']
 ['2' '216.10142679463496' 'presentdestroyed']
 ['5' '224.06384438201943' 'present']
 ['10' '232.16042427847032' 'marauded']
 ['5' '232.48403467062002' 'presentdestroyed']
 ['6' '237.0038290640827' 'presentdestroyed']
 ['5' '240.46376719444598' 'present']
 ['2' '241.14533223100133' 'marauded']
 ['11' '246.2621909234494' 'presentdestroyed']
 ['4' '254.19136250556824' 'present']
 ['3' '254.43492174867913' 'marauded']
 ['0' '255.91716534019238' 'presentdestroyed']
 ['9' '276.05586840633015' 'marauded']
 ['5' '277.29946521484226' 'presentdestroyed']
 ['2' '292.24932562753327' 'present']
 ['11' '295.40033840956585' 'present']
 ['11' '295.73596701550923' 'present']
 ['0' '295.79124288132226' 'present']
 ['4' '297.5576042979517' 'present']
 ['9' '308.636411305802' 'present']
 ['5' '310.49631366015825' 'present']
 ['9' '313.37925991262426' 'present']
 ['6' '324.9340625251074' 'present']
 ['9' '338.36820315694587' 'present']
 ['3' '340.02533134093227' 'present']
 ['6' '350.62201003872576' 'present']]","[['F14' '66.33877949654337' 'mated']
 ['F39' '92.57081314618195' 'destroyed']
 ['F27' '109.50134224544756' 'absent']
 ['F36' '111.30199929217312' 'destroyed']
 ['F10' '130.0211002055745' 'absentdestroyed']
 ['F67' '148.9055528436407' 'mated']
 ['F102' '150.51237616800861' 'absent']
 ['F6' '165.89255711568444' 'mated']
 ['F4' '177.25576173914047' 'mated']
 ['F62' '187.36429354307518' 'mated']
 ['F103' '205.13223857002424' 'mated']
 ['F41' '207.3075302586301' 'mated']
 ['F7' '228.36970830719278' 'mated']
 ['F74' '242.73125369590574' 'destroyed']
 ['F5' '248.05220978415602' 'destroyed']
 ['F64' '256.5510301832189' 'destroyed']
 ['F40' '259.86391810239843' 'destroyed']
 ['F49' '329.11913636633085' 'absent']]",200.0,100.0,572.0,74.07443276527131,15.579198790314443,1280.0,217.2262507260222,46.60278011546426,393.0,67.55430493926208,14.746103133353092,7.0,0.7,0.07,74.0,0.47609371308598203,0.003343621399176954
8,0.054,9,360.00340259129973,"[['11' '0.23084547948699918' 'present']
 ['0' '5.177868670266088' 'present']
 ['7' '15.529573271595739' 'marauded']
 ['11' '24.10158891280862' 'present']
 ['10' '31.622711199556765' 'present']
 ['7' '40.03227485875673' 'present']
 ['9' '50.568129220953715' 'present']
 ['7' '52.40243122073218' 'present']
 ['4' '56.08254799480131' 'present']
 ['4' '56.69308747463577' 'marauded']
 ['7' '64.93974085048785' 'present']
 ['2' '69.90370272902291' 'marauded']
 ['7' '86.3115204214298' 'present']
 ['3' '86.94881707754963' 'marauded']
 ['9' '91.21528742575016' 'presentdestroyed']
 ['9' '94.10371510684392' 'presentdestroyed']
 ['10' '104.8571709194367' 'present']
 ['6' '109.37080086335116' 'present']
 ['4' '109.50343216146368' 'present']
 ['9' '109.52539363109032' 'present']
 ['6' '110.01233354449005' 'present']
 ['11' '126.59712899269917' 'present']
 ['10' '126.97583895553176' 'marauded']
 ['11' '134.05869674450616' 'present']
 ['5' '139.96143355972092' 'present']
 ['6' '142.39593927723547' 'marauded']
 ['2' '149.23592512054617' 'presentdestroyed']
 ['7' '159.4528611861104' 'present']
 ['3' '163.9505248618414' 'present']
 ['6' '164.98966737620373' 'present']
 ['6' '171.0737202080746' 'present']
 ['0' '174.64041131806766' 'marauded']
 ['3' '176.03649694705746' 'presentdestroyed']
 ['2' '177.4562583964536' 'destroyed']
 ['6' '178.85790265754449' 'presentdestroyed']
 ['7' '180.68471232161812' 'presentdestroyed']
 ['9' '180.9304529484383' 'presentdestroyed']
 ['7' '181.2781591721517' 'presentdestroyed']
 ['4' '181.90469768133661' 'present']
 ['2' '182.31784095373595' 'present']
 ['5' '182.56346049806234' 'present']
 ['7' '183.73573325018677' 'present']
 ['3' '186.9054012543156' 'marauded']
 ['7' '187.21078178903392' 'presentdestroyed']
 ['10' '187.46889210139602' 'presentdestroyed']
 ['6' '193.8842059163779' 'presentdestroyed']
 ['0' '197.7904956452565' 'present']
 ['5' '199.13267938182545' 'present']
 ['4' '202.56602383641055' 'present']
 ['3' '211.47777663789452' 'present']
 ['10' '213.20545940306627' 'present']
 ['0' '224.73392563936054' 'present']
 ['5' '228.16833560984037' 'present']
 ['4' '229.05398107760593' 'present']
 ['5' '241.20132433913471' 'marauded']
 ['0' '254.81136459901114' 'marauded']
 ['6' '271.46944345303814' 'present']
 ['3' '283.3263584139255' 'marauded']
 ['3' '291.4126093601648' 'present']
 ['3' '300.6489242239019' 'present']
 ['6' '306.8034663573741' 'present']
 ['10' '320.79304777329196' 'present']
 ['7' '324.6399839750286' 'present']
 ['5' '343.02537395552514' 'marauded']
 ['6' '345.81169202701057' 'destroyed']
 ['6' '350.62663966835544' 'marauded']
 ['9' '356.74676712797987' 'presentdestroyed']
 ['0' '359.06993377057825' 'marauded']]","[['F99' '26.915830977498906' 'mated']
 ['F38' '45.54590511359234' 'mated']
 ['F48' '61.73717100901879' 'destroyed']
 ['F57' '108.02920948181239' 'mated']
 ['F27' '109.51020434527335' 'mated']
 ['F9' '143.31403565975822' 'destroyed']
 ['F93' '146.29294287850897' 'destroyed']
 ['F15' '151.64997834113393' 'mated']
 ['F89' '167.38304468966052' 'mated']
 ['F16' '169.42877883988356' 'mated']
 ['F19' '210.62544984494102' 'mated']
 ['F63' '226.5026223974201' 'mated']
 ['F74' '242.72893888109093' 'destroyed']
 ['F37' '269.1954592995635' 'absent']]",200.0,200.0,562.0,67.34930866357386,13.842171586544806,1264.0,211.08877064088017,44.611214986115876,459.0,79.9410861791924,17.60802573648574,12.0,1.2,0.12000000000000005,72.0,0.5014074054378608,0.0038580246913580275
9,0.054,12,360.3707271932469,"[['10' '1.6021697044564078' 'present']
 ['8' '4.28529929833623' 'marauded']
 ['11' '11.9283589580592' 'presentdestroyed']
 ['10' '14.529206927960042' 'present']
 ['7' '16.51959814688567' 'present']
 ['4' '23.339312687697838' 'present']
 ['6' '23.81514856260558' 'present']
 ['8' '29.345593039423708' 'present']
 ['11' '34.00688419395242' 'present']
 ['3' '36.98505407700831' 'present']
 ['2' '39.47202953279427' 'marauded']
 ['5' '43.952760592539995' 'presentdestroyed']
 ['8' '44.2235179515832' 'presentdestroyed']
 ['5' '49.09373290169072' 'present']
 ['4' '50.12323793673424' 'present']
 ['7' '56.683307722485296' 'present']
 ['6' '69.87287526892733' 'marauded']
 ['0' '76.37881408017675' 'presentdestroyed']
 ['10' '76.69046639816496' 'presentdestroyed']
 ['6' '84.13079013646663' 'present']
 ['10' '87.87499015719276' 'present']
 ['10' '94.33890641419173' 'present']
 ['0' '98.25025042789873' 'present']
 ['2' '98.77817836781438' 'present']
 ['3' '104.09350536918974' 'present']
 ['8' '111.73911546956164' 'present']
 ['3' '114.03509512058713' 'marauded']
 ['10' '115.08281764598699' 'presentdestroyed']
 ['7' '121.41665718708116' 'destroyed']
 ['3' '123.04070590336897' 'present']
 ['11' '125.70206704450557' 'present']
 ['0' '129.44511766563' 'present']
 ['3' '136.5557992576522' 'marauded']
 ['5' '138.76332811284936' 'presentdestroyed']
 ['7' '148.12634899970908' 'present']
 ['4' '154.43184364632683' 'present']
 ['3' '154.72693097017438' 'present']
 ['3' '156.03291905151002' 'present']
 ['7' '156.1459104446959' 'present']
 ['0' '156.65666835495932' 'present']
 ['7' '163.33259526691305' 'present']
 ['7' '163.82837883307218' 'present']
 ['8' '166.7134415883801' 'marauded']
 ['4' '169.5743595633114' 'presentdestroyed']
 ['0' '172.051615652783' 'presentdestroyed']
 ['2' '174.8560608346773' 'present']
 ['6' '190.43011014402637' 'marauded']
 ['5' '193.03563144019844' 'presentdestroyed']
 ['6' '211.19086935335264' 'present']
 ['7' '212.87412682793573' 'present']
 ['6' '217.5616281533888' 'present']
 ['6' '217.7531814860298' 'marauded']
 ['8' '223.9033428286995' 'destroyed']
 ['8' '226.53229189044924' 'marauded']
 ['8' '229.9529200826705' 'presentdestroyed']
 ['6' '232.48491693454017' 'presentdestroyed']
 ['10' '232.93245361750658' 'presentdestroyed']
 ['6' '233.7804846814525' 'presentdestroyed']
 ['0' '235.47882353646102' 'present']
 ['5' '236.2370085868992' 'present']
 ['2' '258.8301331548029' 'present']
 ['2' '264.3093874013213' 'marauded']
 ['2' '268.2291116988838' 'presentdestroyed']
 ['4' '277.681191802181' 'present']
 ['4' '277.78725168678335' 'present']
 ['3' '283.180587692726' 'present']
 ['11' '284.657844242205' 'present']
 ['11' '296.00572326031795' 'present']
 ['8' '298.976230086538' 'present']
 ['11' '304.20228183491685' 'present']
 ['6' '308.13966739613227' 'present']
 ['7' '311.4505209366275' 'present']
 ['7' '312.5318909120474' 'present']
 ['0' '313.84216249667963' 'present']
 ['7' '314.7970822656356' 'present']
 ['5' '314.9053120349813' 'present']
 ['4' '315.1938123642805' 'present']
 ['0' '318.7906810090169' 'marauded']
 ['3' '328.4391267634621' 'present']
 ['6' '337.5168499580031' 'present']
 ['3' '338.5210756350141' 'present']
 ['0' '340.4856101791984' 'present']
 ['2' '349.296960461216' 'present']
 ['2' '349.303507746227' 'present']
 ['11' '349.7788257713342' 'present']
 ['3' '350.8519586590656' 'present']]","[['F32' '41.939885149605665' 'destroyed']
 ['F27' '109.50461588795305' 'absent']
 ['F29' '123.18695437902716' 'mated']
 ['F44' '123.75227278439033' 'mated']
 ['F78' '137.21194597578457' 'absentdestroyed']
 ['F12' '169.32383862300915' 'destroyed']
 ['F95' '181.68026699167856' 'mated']
 ['F21' '198.90622516538943' 'mated']
 ['F20' '199.89322334081265' 'mated']
 ['F80' '204.816069155087' 'mated']
 ['F71' '221.98813972432023' 'destroyed']
 ['F28' '248.98714244596286' 'mated']
 ['F64' '256.55430382572445' 'mated']
 ['F69' '257.9965242457243' 'mated']
 ['F40' '259.86719174490395' 'mated']
 ['F22' '268.39145118528563' 'absentdestroyed']
 ['F8' '279.7416470761553' 'mated']
 ['F33' '292.8960793284642' 'mated']
 ['F26' '325.00739987498866' 'destroyed']]",300.0,0.0,560.0,68.99595692854524,13.801660682436212,1326.0,222.74778267574726,47.819673891955624,396.0,66.87444639168699,14.233803742140317,10.0,0.9999999999999999,0.10000000000000003,72.0,0.46931885686952657,0.0033436213991769564
10,0.054,12,360.2475459823383,"[['6' '4.8148389045594815' 'present']
 ['2' '15.743140671876505' 'present']
 ['5' '21.525568445457072' 'present']
 ['9' '22.052910756389892' 'present']
 ['4' '26.74996736008826' 'present']
 ['7' '29.80309845279466' 'present']
 ['2' '33.643551368541424' 'present']
 ['11' '34.15865475759022' 'present']
 ['9' '52.03168191138361' 'present']
 ['0' '55.87507908674113' 'present']
 ['9' '56.35913686105905' 'present']
 ['7' '60.18358458560112' 'present']
 ['9' '66.07863490084492' 'marauded']
 ['9' '83.84318814228415' 'present']
 ['9' '98.95853097549329' 'present']
 ['8' '99.45154746700844' 'present']
 ['2' '107.43456841414674' 'marauded']
 ['5' '110.4879049118618' 'presentdestroyed']
 ['2' '111.85969541547452' 'presentdestroyed']
 ['3' '111.97613032837246' 'presentdestroyed']
 ['5' '113.39214666846989' 'destroyed']
 ['8' '114.54087526784983' 'presentdestroyed']
 ['5' '116.08866966322353' 'marauded']
 ['6' '131.20750068956005' 'present']
 ['5' '133.68018434632094' 'present']
 ['5' '139.04818622586853' 'present']
 ['4' '139.65831647254396' 'marauded']
 ['11' '142.9837655200721' 'destroyed']
 ['6' '144.57899938369118' 'presentdestroyed']
 ['11' '146.2759753490782' 'presentdestroyed']
 ['9' '147.63584182101593' 'marauded']
 ['0' '148.1832425129899' 'presentdestroyed']
 ['9' '152.12040361149664' 'presentdestroyed']
 ['7' '152.39248972282354' 'presentdestroyed']
 ['7' '156.51421449985995' 'present']
 ['0' '163.7672514898521' 'marauded']
 ['4' '171.10573272770912' 'presentdestroyed']
 ['8' '171.9531266271155' 'present']
 ['0' '173.48141401617562' 'present']
 ['6' '177.3174669081564' 'present']
 ['7' '179.4188210629006' 'present']
 ['4' '189.41261072540988' 'present']
 ['5' '192.8914074044713' 'marauded']
 ['11' '193.47997973669618' 'destroyed']
 ['5' '206.9500153417223' 'present']
 ['2' '215.01888255476163' 'marauded']
 ['3' '217.37276361448895' 'destroyed']
 ['6' '227.54745199536484' 'present']
 ['3' '232.14303442548922' 'present']
 ['5' '237.35949871289986' 'present']
 ['8' '237.57210401020748' 'present']
 ['11' '237.94960006910517' 'present']
 ['4' '241.7464961504723' 'marauded']
 ['0' '246.963285184248' 'presentdestroyed']
 ['0' '254.91981432479787' 'marauded']
 ['0' '267.85828633068036' 'present']
 ['8' '272.2951339359167' 'marauded']
 ['4' '278.8732714332667' 'presentdestroyed']
 ['0' '289.3925735223943' 'present']
 ['9' '292.24447268010977' 'present']
 ['9' '292.2968026172178' 'marauded']
 ['2' '294.583477157518' 'presentdestroyed']
 ['5' '305.1475071167344' 'present']
 ['11' '307.9727397284881' 'present']
 ['11' '308.3354974229178' 'present']
 ['5' '309.6053997575788' 'present']
 ['9' '317.170126332658' 'present']
 ['5' '320.6200738393649' 'present']
 ['3' '327.75849011417154' 'present']
 ['3' '334.00893708551786' 'present']
 ['9' '338.3737916142662' 'present']
 ['4' '342.0057018910805' 'present']
 ['6' '347.7105063931014' 'present']
 ['4' '348.9787387103319' 'marauded']]","[['F17' '20.851055555263265' 'mated']
 ['F79' '37.57898439099788' 'mated']
 ['F66' '96.48503287270309' 'mated']
 ['F27' '109.50693070276786' 'destroyed']
 ['F53' '122.99140584834339' 'destroyed']
 ['F10' '130.0234150203893' 'mated']
 ['F73' '133.13833101695243' 'mated']
 ['F83' '139.43514141480986' 'mated']
 ['F93' '146.30084615064408' 'destroyed']
 ['F93' '146.3054757802737' 'destroyed']
 ['F67' '148.90323802882588' 'destroyed']
 ['F102' '150.5054317235642' 'destroyed']
 ['F102' '150.51469098282342' 'destroyed']
 ['F6' '165.89024230086963' 'absentdestroyed']
 ['F16' '169.42550519737807' 'destroyed']
 ['F46' '170.24774753565157' 'destroyed']
 ['F47' '174.20136053411468' 'mated']
 ['F76' '187.56033843326193' 'mated']
 ['F61' '201.0228568960791' 'mated']
 ['F3' '252.24178884638968' 'mated']
 ['F22' '268.39376600010047' 'mated']
 ['F26' '325.012988332309' 'mated']]",300.0,100.0,565.0,71.08528831148867,15.065689693806576,1223.0,207.89871990417763,45.32904083336737,472.0,79.59969865697701,16.74615479074209,11.0,1.0999999999999999,0.11000000000000004,65.0,0.4431297168255802,0.003300754458161866
11,0.054,7,359.97174792300893,"[['3' '7.535938196607451' 'present']
 ['0' '12.658390571833174' 'present']
 ['5' '21.097750707352258' 'present']
 ['6' '22.705462482348025' 'present']
 ['5' '24.730532240994403' 'marauded']
 ['7' '25.417357303435807' 'presentdestroyed']
 ['6' '26.193111030606108' 'destroyed']
 ['5' '33.06963780550209' 'present']
 ['4' '36.22046377697857' 'present']
 ['8' '45.33148779715139' 'present']
 ['0' '56.43332007656354' 'present']
 ['3' '60.88342230255826' 'present']
 ['3' '67.52861177797028' 'present']
 ['0' '80.25448034799811' 'present']
 ['6' '85.85399563984872' 'present']
 ['9' '90.18152348840623' 'present']
 ['9' '90.67811361862437' 'present']
 ['3' '102.28825487847513' 'marauded']
 ['4' '103.59349715828023' 'destroyed']
 ['5' '112.45692911278343' 'present']
 ['8' '112.70562037388584' 'present']
 ['4' '135.60395366139954' 'present']
 ['8' '135.84866609192443' 'present']
 ['3' '142.97371121833018' 'present']
 ['3' '147.43073578636347' 'present']
 ['4' '153.6149808538903' 'present']
 ['0' '154.55052238613277' 'present']
 ['0' '156.28662550345808' 'marauded']
 ['5' '160.6370889421839' 'presentdestroyed']
 ['2' '165.7912725418906' 'marauded']
 ['3' '175.92804722127073' 'marauded']
 ['4' '176.9699528641966' 'presentdestroyed']
 ['2' '180.9416767640255' 'destroyed']
 ['0' '198.62253828772222' 'marauded']
 ['8' '202.82780975220783' 'presentdestroyed']
 ['8' '202.94034606907655' 'destroyed']
 ['4' '204.2504984786818' 'destroyed']
 ['4' '206.86335691912623' 'present']
 ['5' '210.5930528304766' 'present']
 ['9' '217.17947518598876' 'marauded']
 ['2' '248.5240422568423' 'present']
 ['6' '257.0148150659235' 'present']
 ['5' '260.7487344576393' 'present']
 ['5' '261.2479167435504' 'present']
 ['8' '262.4910690495086' 'marauded']
 ['10' '265.22821311416163' 'presentdestroyed']
 ['5' '267.0392283827293' 'presentdestroyed']
 ['7' '267.95456768632624' 'presentdestroyed']
 ['7' '269.3949643623686' 'present']
 ['3' '280.1737769571352' 'present']
 ['5' '285.5753231821834' 'present']
 ['10' '286.3841865450092' 'present']
 ['2' '288.42752194346895' 'present']
 ['6' '290.68563801029245' 'present']
 ['3' '298.3114550083799' 'present']
 ['2' '305.3902181973996' 'present']
 ['10' '312.5970652174054' 'present']
 ['5' '313.7511325149594' 'marauded']
 ['0' '314.40355277600196' 'destroyed']
 ['8' '317.15810102995863' 'presentdestroyed']
 ['7' '321.03938457190833' 'presentdestroyed']
 ['6' '324.25673383766645' 'present']
 ['5' '325.30674055233' 'marauded']
 ['5' '327.82964217453156' 'presentdestroyed']
 ['8' '328.7188643035168' 'destroyed']
 ['9' '331.11523436293174' 'presentdestroyed']
 ['8' '335.0558996115432' 'present']
 ['10' '336.6133545090171' 'present']
 ['10' '340.92687617309383' 'marauded']
 ['7' '343.18040926128145' 'presentdestroyed']
 ['5' '345.95668639770264' 'presentdestroyed']
 ['7' '353.53330576714234' 'present']]","[['F90' '70.17204793240916' 'mated']
 ['F105' '120.89651618935058' 'mated']
 ['F53' '122.9937206631582' 'mated']
 ['F94' '140.37820843151178' 'absent']
 ['F9' '143.31635047457303' 'mated']
 ['F93' '158.3077905950885' 'destroyed']
 ['F46' '170.25006235046638' 'destroyed']
 ['F75' '172.37765261594768' 'destroyed']
 ['F4' '177.25248809663498' 'destroyed']
 ['F18' '182.71279368503036' 'destroyed']
 ['F23' '195.90389345080644' 'mated']
 ['F56' '239.53814747114026' 'mated']
 ['F74' '242.7387445940018' 'mated']
 ['F37' '269.19314448474864' 'destroyed']]",300.0,200.0,561.0,71.24428997236974,14.860954729828732,1315.0,219.66412513929748,46.672505076213255,419.0,67.33454209635967,13.952432855098476,14.0,1.4000000000000001,0.14000000000000007,78.0,0.49712706385850575,0.003450788751714679
