id,probability_maraud,successful_mating,next_foraging_time,mar_attempts,mate_attempts,x_pos,y_pos,foraging_events,foraging_hrs,foraging_sqhrs,staying_events,staying_hrs,staying_sqhrs,repairing_events,repairing_hrs,repairing_sqhrs,marauding_events,marauding_hrs,marauding_sqhrs,traveling_events,traveling_hrs,traveling_sqhrs
0,0.0,10,360.0282821955124,"[['6' '1.563068655557884' 'present']
 ['3' '3.1766155511845597' 'marauded']
 ['6' '3.755915888326997' 'destroyed']
 ['1' '9.029995050192682' 'presentdestroyed']
 ['6' '17.71140746044298' 'present']
 ['1' '19.86341694375604' 'marauded']
 ['4' '24.618736842415878' 'presentdestroyed']
 ['4' '33.29042690640366' 'present']
 ['2' '33.30714937917852' 'present']
 ['5' '33.77558250980655' 'marauded']
 ['3' '34.122409342521756' 'destroyed']
 ['4' '36.24223664483441' 'presentdestroyed']
 ['2' '37.35537036921385' 'destroyed']
 ['3' '47.48788433233891' 'marauded']
 ['4' '63.27784651823481' 'present']
 ['2' '71.56900536111938' 'present']
 ['2' '85.97752589624304' 'present']
 ['2' '92.84672580001718' 'present']
 ['2' '99.72693274007374' 'present']
 ['6' '99.95111716906041' 'marauded']
 ['6' '101.82526384139165' 'presentdestroyed']
 ['7' '102.99795001641263' 'presentdestroyed']
 ['4' '110.01935217420258' 'present']
 ['7' '114.4599876531544' 'marauded']
 ['5' '115.35512284526656' 'presentdestroyed']
 ['5' '126.9740269041887' 'present']
 ['3' '127.13295875421177' 'marauded']
 ['6' '135.23156747713014' 'present']
 ['1' '146.39540536272034' 'present']
 ['7' '149.9028896168904' 'marauded']
 ['1' '159.57363534605582' 'marauded']
 ['1' '163.12477989078218' 'presentdestroyed']
 ['2' '169.1190796570026' 'present']
 ['6' '187.32083737507355' 'present']
 ['7' '188.72128047896774' 'present']
 ['2' '214.90333548236813' 'present']
 ['1' '218.542546539435' 'present']
 ['5' '224.44269740284452' 'present']
 ['1' '225.16008448017712' 'present']
 ['1' '228.86269945253454' 'present']
 ['2' '237.4183086944897' 'present']
 ['3' '240.8957413372414' 'present']
 ['7' '240.95770087615938' 'marauded']
 ['2' '244.27198071261918' 'presentdestroyed']
 ['2' '252.49684734533002' 'present']
 ['7' '259.8926717758032' 'marauded']
 ['3' '267.56324968459194' 'present']
 ['2' '273.2311522015081' 'present']
 ['7' '274.47202389835957' 'present']
 ['2' '275.6426262169287' 'present']
 ['5' '283.7535013389165' 'present']
 ['1' '289.2625618709853' 'marauded']
 ['6' '293.9875298294986' 'presentdestroyed']
 ['4' '320.80092990813677' 'present']
 ['4' '324.38856385212466' 'present']
 ['4' '336.7999284301921' 'present']
 ['5' '342.8480995066224' 'present']
 ['4' '346.3923101326235' 'present']
 ['4' '347.4508494857797' 'present']]","[['F33' '99.04551129178876' 'mated']
 ['F18' '134.22772257285533' 'destroyed']
 ['F43' '141.028301326106' 'mated']
 ['F80' '148.17949079857078' 'absent']
 ['F24' '157.63295118766834' 'mated']
 ['F37' '158.81391260548065' 'mated']
 ['F80' '160.1929825280262' 'destroyed']
 ['F77' '167.0196348559623' 'absentdestroyed']
 ['F71' '169.40324490562048' 'mated']
 ['F56' '180.18175830559093' 'mated']
 ['F54' '210.37029574197365' 'absent']
 ['F27' '234.38180647309724' 'mated']
 ['F7' '247.6810283552932' 'destroyed']
 ['F47' '252.12673350064978' 'mated']
 ['F36' '256.9437217423011' 'mated']
 ['F51' '263.5562731292531' 'destroyed']
 ['F13' '266.569770571748' 'destroyed']
 ['F63' '282.95699040557287' 'mated']]",0.0,0.0,571.0,72.20876621788697,15.535933314520683,1275.0,214.6697082780934,45.60677639349238,430.0,73.13943411707717,15.550284392758346,0.0,0.0,0.0,0.0,0.0,0.0
1,0.054,10,360.09981695528364,"[['2' '4.7954437545805195' 'present']
 ['7' '7.776855426160462' 'present']
 ['4' '21.129662379669927' 'present']
 ['2' '27.78151845182262' 'marauded']
 ['6' '28.836547537925544' 'destroyed']
 ['7' '42.150333306526456' 'present']
 ['7' '46.43484580460138' 'present']
 ['2' '46.70655781075164' 'present']
 ['7' '51.599389167565064' 'marauded']
 ['7' '51.91238235269701' 'presentdestroyed']
 ['6' '55.80093775913509' 'presentdestroyed']
 ['2' '56.430876903495914' 'presentdestroyed']
 ['2' '62.590613136611175' 'marauded']
 ['4' '68.0282430215919' 'presentdestroyed']
 ['3' '72.01721165410537' 'marauded']
 ['7' '72.38691341894118' 'presentdestroyed']
 ['2' '76.41967302960586' 'presentdestroyed']
 ['3' '76.45135805594444' 'presentdestroyed']
 ['2' '83.28748492350714' 'present']
 ['2' '87.38800846302013' 'present']
 ['2' '102.18865017478315' 'present']
 ['6' '104.73717834052219' 'present']
 ['6' '107.77742628243794' 'marauded']
 ['5' '108.86500190070042' 'presentdestroyed']
 ['5' '111.54369189421742' 'presentdestroyed']
 ['2' '111.96250583796554' 'presentdestroyed']
 ['5' '137.94857828322395' 'present']
 ['4' '143.01372011335184' 'present']
 ['4' '144.87385386881115' 'present']
 ['7' '146.55034307106075' 'present']
 ['2' '151.69245303475026' 'present']
 ['5' '166.14153185928396' 'present']
 ['3' '172.24403767948021' 'present']
 ['6' '178.27723083592085' 'marauded']
 ['6' '184.7263955983647' 'presentdestroyed']
 ['7' '221.1071425319351' 'present']
 ['2' '241.14564606030996' 'present']
 ['5' '242.29009466550124' 'present']
 ['4' '245.07219723055238' 'marauded']
 ['7' '256.1102717395801' 'present']
 ['4' '261.1171882112522' 'present']
 ['5' '272.5263947411862' 'present']
 ['6' '277.8138098292275' 'present']
 ['3' '280.144002129192' 'present']
 ['3' '284.0714735258556' 'present']
 ['5' '294.0005331921539' 'present']
 ['4' '296.6726936712472' 'present']
 ['6' '308.8347259569867' 'marauded']
 ['2' '320.25226371305115' 'present']
 ['3' '325.32862063085565' 'marauded']
 ['5' '328.414304352837' 'presentdestroyed']
 ['2' '349.9085112348261' 'marauded']
 ['7' '349.99800476079156' 'presentdestroyed']]","[['F79' '45.837803785903766' 'mated']
 ['F58' '57.27975937841929' 'destroyed']
 ['F19' '69.32267807661249' 'destroyed']
 ['F69' '82.302719689684' 'mated']
 ['F14' '129.42814573191998' 'mated']
 ['F18' '134.22540775804052' 'absent']
 ['F18' '134.23003738767014' 'mated']
 ['F4' '178.02554169169605' 'mated']
 ['F35' '187.7134524373861' 'mated']
 ['F78' '193.40345144894383' 'mated']
 ['F21' '196.7531861179239' 'mated']
 ['F10' '197.73109410566556' 'absent']
 ['F27' '234.37949165828243' 'absent']
 ['F41' '239.33427123228236' 'mated']
 ['F30' '243.9416133921676' 'mated']
 ['F57' '251.92662680788558' 'destroyed']]",0.0,100.0,570.0,71.33404156939297,14.551809181309558,1324.0,225.6895622150473,48.470528043934955,364.0,60.81457757794555,12.900923126889882,17.0,1.7000000000000004,0.1700000000000001,85.0,0.48173066606093756,0.0028077846364883406
2,0.054,15,360.1792806213549,"[['6' '5.392669348925555' 'present']
 ['5' '14.078161244756215' 'present']
 ['1' '19.32658034345322' 'present']
 ['5' '21.906735645544973' 'present']
 ['3' '24.85085590518994' 'present']
 ['6' '31.083702977071038' 'present']
 ['1' '39.432535808325866' 'present']
 ['7' '40.89671997382244' 'present']
 ['7' '62.394654198527654' 'present']
 ['5' '70.236080311945' 'present']
 ['6' '92.91595960579558' 'present']
 ['1' '102.624765377593' 'marauded']
 ['5' '106.89380660339647' 'presentdestroyed']
 ['6' '108.40143179530017' 'presentdestroyed']
 ['5' '115.34953438794626' 'present']
 ['7' '115.52177745537958' 'present']
 ['7' '121.81031335636624' 'present']
 ['1' '124.9180967418279' 'present']
 ['5' '134.88706511881685' 'present']
 ['3' '141.03792506655103' 'present']
 ['3' '154.4425054642849' 'marauded']
 ['1' '154.4502500571825' 'destroyed']
 ['1' '161.36401144119452' 'presentdestroyed']
 ['3' '168.7282331316779' 'present']
 ['5' '168.908664537587' 'present']
 ['4' '183.4266880540511' 'present']
 ['1' '192.8756712367867' 'marauded']
 ['3' '194.6112681808802' 'presentdestroyed']
 ['1' '220.8877498193953' 'present']
 ['7' '224.13565350767342' 'present']
 ['4' '237.6318829919374' 'present']
 ['7' '250.93546476080945' 'present']
 ['7' '261.7025771380161' 'present']
 ['4' '263.081920970729' 'present']
 ['4' '265.6174028765176' 'present']
 ['5' '268.12090467306575' 'present']
 ['1' '271.2667562814329' 'present']
 ['7' '274.7482488929443' 'present']
 ['1' '276.46889989415473' 'marauded']
 ['6' '290.8913459077943' 'present']
 ['1' '297.90657465095643' 'present']
 ['7' '304.4176175824562' 'present']
 ['3' '306.7328104144063' 'present']
 ['6' '312.4297973478363' 'present']
 ['4' '314.64867527719343' 'present']
 ['7' '315.5076824169891' 'present']
 ['1' '340.7883898050544' 'marauded']
 ['4' '343.61919304537065' 'presentdestroyed']
 ['3' '353.2024431662413' 'present']
 ['1' '359.5541585271601' 'present']
 ['1' '359.6395251598651' 'present']]","[['F46' '53.72394464014423' 'mated']
 ['F31' '91.64885083191353' 'mated']
 ['F2' '95.19904893922337' 'mated']
 ['F15' '106.95140204800406' 'destroyed']
 ['F61' '136.95692968268736' 'mated']
 ['F37' '158.81159779066584' 'destroyed']
 ['F62' '165.94393032400336' 'absent']
 ['F77' '167.0219496707771' 'mated']
 ['F75' '181.3176850584339' 'mated']
 ['F49' '191.72058375301688' 'mated']
 ['F65' '194.69865221150232' 'absentdestroyed']
 ['F22' '203.0362006525287' 'mated']
 ['F5' '212.769966009406' 'mated']
 ['F3' '214.89455625518198' 'mated']
 ['F9' '247.68326984717862' 'mated']
 ['F66' '252.3466492111087' 'mated']
 ['F51' '263.56186158657346' 'mated']
 ['F39' '264.73004937959246' 'mated']
 ['F8' '336.7717186223614' 'mated']]",0.0,200.0,557.0,71.12583516203708,15.994911863557029,1513.0,256.4532587033098,54.45130647632821,175.0,30.553511417985067,6.766833707061932,15.0,1.5000000000000002,0.15000000000000008,95.0,0.5280269623572338,0.003022119341563787
3,0.054,10,360.2161313844384,"[['2' '0.712653081661952' 'present']
 ['5' '2.9741698826443606' 'present']
 ['4' '4.677224360853288' 'present']
 ['5' '5.099683070217513' 'marauded']
 ['4' '13.586588532995494' 'marauded']
 ['2' '14.890099089367492' 'presentdestroyed']
 ['4' '15.064841296237681' 'presentdestroyed']
 ['2' '16.86046913475483' 'presentdestroyed']
 ['2' '21.91423624001733' 'present']
 ['6' '22.673242402602636' 'present']
 ['6' '22.677872032232262' 'present']
 ['1' '26.78127227128136' 'present']
 ['6' '31.089291434391345' 'present']
 ['7' '37.92810810127765' 'marauded']
 ['6' '38.11309420407152' 'presentdestroyed']
 ['1' '41.4545036003971' 'presentdestroyed']
 ['5' '44.422286962471915' 'presentdestroyed']
 ['1' '48.52392045691602' 'present']
 ['2' '49.64091931792326' 'present']
 ['7' '50.68690488037916' 'present']
 ['4' '52.46609602066528' 'present']
 ['4' '53.05353185851643' 'marauded']
 ['5' '56.930212863131004' 'presentdestroyed']
 ['1' '59.75002479346477' 'presentdestroyed']
 ['5' '62.07617932150844' 'marauded']
 ['2' '64.84659930530964' 'destroyed']
 ['2' '72.84377731789193' 'present']
 ['6' '78.26406473297898' 'present']
 ['5' '80.15239976843323' 'present']
 ['1' '82.09336852900331' 'present']
 ['7' '85.02723934358868' 'present']
 ['5' '86.7525660470119' 'present']
 ['7' '87.48207260891046' 'marauded']
 ['4' '91.86023617132143' 'presentdestroyed']
 ['4' '93.53586500893103' 'destroyed']
 ['7' '97.60816384398181' 'present']
 ['1' '98.0925772437035' 'marauded']
 ['4' '101.05046085478699' 'presentdestroyed']
 ['1' '118.1922030745522' 'marauded']
 ['1' '127.18589276138655' 'marauded']
 ['7' '133.91501395596282' 'presentdestroyed']
 ['1' '137.1016814318181' 'present']
 ['5' '140.36610169942315' 'present']
 ['6' '152.15366734445413' 'present']
 ['2' '152.76728426058858' 'present']
 ['5' '157.73450758661167' 'present']
 ['2' '163.64124719875048' 'present']
 ['2' '166.38688669550052' 'present']
 ['2' '166.99096044636602' 'present']
 ['5' '171.62631218219096' 'present']
 ['5' '199.54439087060584' 'present']
 ['4' '206.09951660345408' 'present']
 ['2' '212.70604591084933' 'present']
 ['2' '219.04856077320161' 'marauded']
 ['5' '224.97227701876668' 'presentdestroyed']
 ['5' '225.21879599528108' 'presentdestroyed']
 ['5' '238.00035802177678' 'present']
 ['1' '242.10907933558892' 'present']
 ['1' '245.017264154291' 'marauded']
 ['5' '246.79419324832034' 'presentdestroyed']
 ['6' '262.1111383282306' 'present']
 ['4' '284.63280692506737' 'present']
 ['1' '285.0071224044082' 'present']
 ['1' '286.49423525604743' 'present']
 ['2' '290.09393128734894' 'present']
 ['4' '292.04587378633886' 'present']
 ['1' '297.3394314041175' 'present']
 ['1' '323.8770592666906' 'present']
 ['5' '327.6415247878533' 'marauded']
 ['5' '330.653614581233' 'presentdestroyed']
 ['2' '331.2294380293241' 'presentdestroyed']
 ['5' '348.13824332894325' 'present']
 ['7' '354.19961307123316' 'present']
 ['1' '359.153044202101' 'present']]","[['F34' '50.544752298800574' 'mated']
 ['F19' '69.319404434107' 'destroyed']
 ['F31' '91.64326237459323' 'destroyed']
 ['F38' '102.68315627385454' 'destroyed']
 ['F14' '129.4248720894145' 'destroyed']
 ['F80' '148.1818056133856' 'absent']
 ['F55' '154.41101635036753' 'mated']
 ['F62' '165.94720396650885' 'mated']
 ['F10' '197.73436774817105' 'mated']
 ['F54' '210.37261055678846' 'mated']
 ['F16' '216.48467315535228' 'mated']
 ['F0' '224.90192698043418' 'destroyed']
 ['F42' '236.4017198857093' 'mated']
 ['F9' '247.67999620467313' 'destroyed']
 ['F57' '251.9312564375152' 'destroyed']
 ['F47' '252.12441868583497' 'destroyed']
 ['F17' '257.2847726596074' 'mated']
 ['F51' '263.55858794406794' 'absent']
 ['F13' '266.57208538656283' 'mated']
 ['F74' '342.79723220718694' 'mated']]",100.0,0.0,564.0,70.30062731943539,14.823207600776662,1220.0,214.47279549535085,47.46945462623852,429.0,73.1847799756327,15.622893750171782,18.0,1.8000000000000005,0.1800000000000001,67.0,0.37538546815132073,0.0021647805212620013
4,0.054,9,360.56701136569137,"[['7' '3.5598868338609093' 'present']
 ['5' '7.255269079500988' 'present']
 ['7' '8.28848629274767' 'present']
 ['7' '18.817586715474164' 'present']
 ['7' '40.18072416930438' 'present']
 ['2' '41.84642758705432' 'present']
 ['5' '66.73848150165826' 'present']
 ['3' '76.64150268861638' 'marauded']
 ['5' '87.15643799494218' 'present']
 ['6' '98.48588826040033' 'present']
 ['1' '102.62013574796337' 'present']
 ['3' '117.58422651113814' 'present']
 ['2' '118.57494131420667' 'present']
 ['1' '121.48717885756079' 'present']
 ['7' '122.2546759450569' 'marauded']
 ['2' '126.34015819412605' 'presentdestroyed']
 ['5' '134.88243548918723' 'present']
 ['1' '157.40319055306279' 'marauded']
 ['3' '165.3749261137286' 'marauded']
 ['3' '167.11218306368605' 'presentdestroyed']
 ['3' '171.24910423203613' 'presentdestroyed']
 ['5' '175.18368915781724' 'marauded']
 ['1' '176.06245712393329' 'destroyed']
 ['3' '189.3934535270981' 'present']
 ['7' '203.34763406477475' 'present']
 ['7' '210.66325649106483' 'present']
 ['2' '212.44111760466387' 'marauded']
 ['1' '212.69374948430817' 'presentdestroyed']
 ['7' '214.47225425212628' 'presentdestroyed']
 ['7' '217.2142335445512' 'presentdestroyed']
 ['2' '224.5536643840349' 'marauded']
 ['2' '229.5035495229564' 'presentdestroyed']
 ['6' '233.40548317601653' 'present']
 ['2' '238.81268388788928' 'present']
 ['1' '241.87159191696162' 'present']
 ['7' '249.92070798575458' 'present']
 ['2' '251.4203516154569' 'marauded']
 ['5' '254.4473970667747' 'presentdestroyed']
 ['1' '257.7495971201586' 'presentdestroyed']
 ['6' '261.7110008433527' 'present']
 ['6' '265.86315065014156' 'present']
 ['7' '267.9292311900917' 'marauded']
 ['7' '268.0953409892029' 'presentdestroyed']
 ['7' '268.7717753099461' 'destroyed']
 ['5' '268.78333482534777' 'destroyed']
 ['6' '276.3752458104604' 'present']
 ['6' '276.6318367890406' 'marauded']
 ['3' '276.89181027838833' 'presentdestroyed']
 ['5' '280.0182350948837' 'destroyed']
 ['3' '288.5198189737829' 'present']
 ['2' '299.1358226573802' 'marauded']
 ['2' '303.72112562691535' 'presentdestroyed']
 ['5' '305.0696001447425' 'presentdestroyed']
 ['1' '321.49634658541993' 'present']
 ['2' '328.2632071468563' 'marauded']
 ['6' '342.2797216248076' 'present']
 ['3' '345.0149438536797' 'present']
 ['7' '347.4556102590326' 'present']
 ['2' '352.4942635645697' 'present']
 ['7' '356.44096467939676' 'marauded']]","[['F26' '38.08619629164761' 'mated']
 ['F58' '57.28207419323411' 'mated']
 ['F19' '69.3249928914273' 'mated']
 ['F69' '82.30040487486919' 'absentdestroyed']
 ['F38' '102.68547108866935' 'mated']
 ['F25' '208.45717618908031' 'mated']
 ['F30' '243.9392985773528' 'absent']
 ['F7' '247.68430199779868' 'mated']
 ['F57' '251.9289416227004' 'destroyed']
 ['F29' '287.46250750947934' 'mated']
 ['F76' '297.966155128372' 'mated']
 ['F23' '344.42011439729316' 'mated']]",100.0,100.0,576.0,73.29969226436586,15.490029771636458,1234.0,210.21738424447943,45.93593280694062,422.0,75.8176200324378,16.9771620557122,4.0,0.4,0.04000000000000001,66.0,0.3707558385216911,0.002143347050754456
5,0.054,10,360.46616488085704,"[['2' '1.5536952544961757' 'present']
 ['3' '2.5120428169678286' 'present']
 ['2' '2.791738039882133' 'present']
 ['6' '19.690281530455756' 'present']
 ['3' '25.209312899335178' 'marauded']
 ['2' '29.126711457909263' 'presentdestroyed']
 ['3' '51.30639541330026' 'present']
 ['7' '53.04914777144156' 'present']
 ['7' '53.84351970919743' 'present']
 ['2' '84.00372083012653' 'present']
 ['4' '98.25386218751511' 'present']
 ['6' '98.49243554541131' 'marauded']
 ['1' '105.04139635143721' 'presentdestroyed']
 ['1' '105.51032166493123' 'presentdestroyed']
 ['7' '119.12160787451877' 'present']
 ['7' '119.43443877283468' 'present']
 ['2' '126.45862979619383' 'present']
 ['3' '142.70941162621153' 'marauded']
 ['4' '151.72359501002538' 'present']
 ['2' '167.8309231888579' 'present']
 ['3' '170.29027569906523' 'present']
 ['3' '179.37247780169338' 'present']
 ['3' '186.8331008093351' 'marauded']
 ['6' '189.25493804365672' 'presentdestroyed']
 ['6' '200.1544838469235' 'present']
 ['1' '203.3403914248465' 'marauded']
 ['2' '206.71454534487913' 'presentdestroyed']
 ['4' '221.97950470424487' 'present']
 ['2' '232.54391845584448' 'present']
 ['4' '241.53391175007675' 'present']
 ['6' '242.09008746542398' 'present']
 ['6' '260.1847239760626' 'marauded']
 ['1' '260.2853125742005' 'presentdestroyed']
 ['3' '261.69051861067135' 'presentdestroyed']
 ['3' '262.1711829938733' 'presentdestroyed']
 ['6' '265.1859519504852' 'presentdestroyed']
 ['4' '265.9509494966903' 'presentdestroyed']
 ['3' '266.30448757252424' 'presentdestroyed']
 ['1' '276.9075331645611' 'present']
 ['6' '292.30519008194153' 'present']
 ['2' '302.7211950598639' 'present']
 ['2' '308.82557368440433' 'present']
 ['2' '312.6119643874212' 'marauded']
 ['3' '318.19931731135665' 'destroyed']
 ['4' '321.4244349749363' 'present']
 ['2' '322.5224391941329' 'present']
 ['6' '327.0957508658692' 'present']
 ['7' '329.6403319218875' 'present']
 ['2' '348.80437264322984' 'present']
 ['3' '354.0347797267864' 'marauded']
 ['2' '355.13550336470286' 'presentdestroyed']]","[['F79' '45.834530143398275' 'absent']
 ['F6' '79.06546442304214' 'mated']
 ['F2' '95.19250165421239' 'absent']
 ['F12' '114.50126790164249' 'mated']
 ['F64' '127.50199709465146' 'mated']
 ['F80' '148.1873940707059' 'destroyed']
 ['F80' '160.19625617053168' 'mated']
 ['F65' '194.70096702631713' 'mated']
 ['F50' '218.3963694047887' 'mated']
 ['F59' '222.6418801665075' 'mated']
 ['F45' '228.99413664056445' 'mated']
 ['F57' '251.93357125233' 'mated']
 ['F20' '259.31566272875375' 'mated']
 ['F13' '266.5664969292425' 'destroyed']]",100.0,200.0,570.0,68.74359158788637,14.0461875105172,1430.0,242.7951905720354,51.96793534493835,283.0,47.137223756392004,9.78224967632713,11.0,1.0999999999999999,0.11000000000000004,82.0,0.4486652233584792,0.00252914951989026
6,0.054,7,360.46590779407717,"[['2' '9.077633258577613' 'present']
 ['1' '10.867217972165427' 'present']
 ['1' '38.839606253409364' 'present']
 ['2' '42.236839892974324' 'marauded']
 ['1' '46.09536167125099' 'presentdestroyed']
 ['7' '54.126454923467065' 'present']
 ['1' '61.73906080213763' 'present']
 ['4' '64.38124964542891' 'present']
 ['5' '64.89192666793441' 'present']
 ['7' '68.2284012692236' 'present']
 ['2' '68.99719459464757' 'present']
 ['4' '72.293844913186' 'present']
 ['7' '79.6976313135365' 'marauded']
 ['1' '80.19153248263775' 'presentdestroyed']
 ['1' '80.24954010176114' 'presentdestroyed']
 ['3' '86.43740349906824' 'presentdestroyed']
 ['1' '91.1963634118189' 'present']
 ['1' '102.73035383491329' 'present']
 ['4' '110.02589945921356' 'present']
 ['5' '115.89076780284337' 'present']
 ['2' '117.81260925620228' 'present']
 ['7' '120.99319201098149' 'present']
 ['5' '124.96607159373688' 'present']
 ['1' '133.91270029622572' 'present']
 ['4' '135.01147411290958' 'present']
 ['4' '139.45565170684833' 'present']
 ['3' '141.91596781769002' 'present']
 ['1' '143.6878986111984' 'marauded']
 ['7' '143.84429396430474' 'presentdestroyed']
 ['1' '154.4558385145028' 'marauded']
 ['3' '155.24169644113883' 'presentdestroyed']
 ['1' '157.50877901038308' 'presentdestroyed']
 ['7' '161.794838196147' 'present']
 ['3' '165.270296484099' 'marauded']
 ['2' '173.77129465011436' 'present']
 ['1' '176.06804558125359' 'present']
 ['5' '183.9245166133277' 'present']
 ['2' '187.53344734682807' 'present']
 ['1' '194.82787362567058' 'present']
 ['7' '198.42388625806288' 'present']
 ['5' '200.62743146078034' 'marauded']
 ['2' '201.54573697582785' 'presentdestroyed']
 ['5' '214.81476371303557' 'present']
 ['5' '224.4492446878555' 'marauded']
 ['5' '240.5383705485481' 'present']
 ['2' '244.97867937872286' 'marauded']
 ['5' '252.7621808916495' 'presentdestroyed']
 ['5' '253.19620704165243' 'destroyed']
 ['1' '257.18177465673944' 'present']
 ['7' '267.35237870443865' 'present']
 ['1' '269.63743860904214' 'present']
 ['3' '292.48204675781795' 'present']
 ['4' '293.93865741699705' 'present']
 ['4' '298.0615222658862' 'marauded']
 ['4' '307.31029502483227' 'present']
 ['2' '313.87537087873307' 'marauded']
 ['2' '316.30550440868876' 'presentdestroyed']
 ['3' '323.07754913789046' 'present']
 ['7' '326.60896083266454' 'present']
 ['5' '333.2383789332226' 'present']
 ['5' '350.83574527275795' 'present']
 ['5' '352.13563661524273' 'present']]","[['F40' '62.61104278811153' 'mated']
 ['F31' '91.64557718940804' 'absent']
 ['F38' '102.68084145903973' 'absent']
 ['F15' '106.95467569050955' 'mated']
 ['F70' '109.02917734319064' 'mated']
 ['F43' '141.0259865112912' 'absent']
 ['F80' '148.1841204282004' 'absentdestroyed']
 ['F80' '148.19066771321138' 'absentdestroyed']
 ['F67' '197.64245441646486' 'mated']
 ['F52' '200.42525462197491' 'mated']
 ['F25' '208.45390254657482' 'absent']
 ['F44' '216.1649691138878' 'mated']
 ['F72' '311.19388937418535' 'mated']]",200.0,0.0,561.0,69.83687285656761,14.869320818476675,1367.0,228.02500339155412,48.46346805088131,355.0,61.161376268058746,13.420819915755937,7.0,0.7,0.07,61.0,0.3399370688481152,0.001950445816186555
7,0.054,6,360.4693877534825,"[['5' '9.307408819044273' 'marauded']
 ['2' '24.379359994748484' 'marauded']
 ['2' '28.859337189838623' 'presentdestroyed']
 ['4' '45.778558658765725' 'present']
 ['2' '57.134594383240085' 'present']
 ['4' '57.657781784454194' 'present']
 ['5' '59.24065328281705' 'present']
 ['4' '75.90321016858027' 'present']
 ['3' '87.28955810123473' 'present']
 ['1' '88.95128438506511' 'marauded']
 ['4' '90.27429160384841' 'presentdestroyed']
 ['5' '92.23747786734948' 'destroyed']
 ['2' '92.27688385804464' 'destroyed']
 ['1' '96.53072222378576' 'destroyed']
 ['2' '100.57763969411363' 'present']
 ['4' '107.51869327100417' 'present']
 ['4' '113.97099589188548' 'present']
 ['2' '118.56839402919569' 'present']
 ['6' '120.38419036529275' 'present']
 ['5' '129.8878003417179' 'present']
 ['3' '145.27951446973006' 'present']
 ['3' '150.02673785735584' 'marauded']
 ['2' '151.57454847074635' 'presentdestroyed']
 ['1' '157.39856092343317' 'present']
 ['1' '159.30282847266287' 'present']
 ['3' '167.9273829087893' 'present']
 ['3' '174.07752522834738' 'present']
 ['5' '176.9236259581412' 'marauded']
 ['1' '177.89430436505378' 'destroyed']
 ['1' '191.34496897523957' 'present']
 ['6' '195.09873024686854' 'present']
 ['1' '199.67833200056137' 'present']
 ['5' '202.70449406756336' 'present']
 ['4' '210.01112416010974' 'present']
 ['5' '211.54534835681108' 'present']
 ['3' '228.8506946123787' 'present']
 ['3' '231.26628665362892' 'marauded']
 ['3' '238.60326524608058' 'presentdestroyed']
 ['6' '241.2190209413785' 'present']
 ['1' '241.75008486896078' 'present']
 ['2' '249.5974068391279' 'present']
 ['3' '265.36274205958784' 'present']
 ['2' '267.55279934679436' 'present']
 ['3' '282.4315036464084' 'present']
 ['5' '301.3195147144912' 'present']
 ['4' '310.2151163211332' 'present']
 ['5' '321.773140359058' 'present']
 ['3' '339.2516256660589' 'marauded']
 ['6' '351.355816780565' 'present']
 ['3' '353.96475317418685' 'present']]","[['F2' '95.19577529671788' 'absentdestroyed']
 ['F53' '104.50572369965737' 'mated']
 ['F28' '134.20529926733334' 'mated']
 ['F48' '139.71240622193338' 'mated']
 ['F21' '196.75087130310908' 'absent']
 ['F73' '199.90305645965958' 'mated']
 ['F0' '224.90520062293967' 'mated']
 ['F60' '230.04507182822042' 'mated']]",200.0,100.0,581.0,69.6948927798671,14.387651043420016,1468.0,246.08392787106024,52.49911689949367,252.0,42.73789971134066,9.049021399235267,12.0,1.2,0.12000000000000005,73.0,0.39357496902231404,0.0021862139917695465
8,0.0,4,360.3203320745156,"[['3' '3.0710270938642514' 'marauded']
 ['4' '3.405774195524263' 'presentdestroyed']
 ['6' '8.225816744842373' 'presentdestroyed']
 ['6' '13.408301318508894' 'present']
 ['4' '14.381288856929899' 'present']
 ['1' '16.517936132030854' 'present']
 ['6' '18.90578990923836' 'present']
 ['1' '23.88269626441292' 'present']
 ['2' '28.853748732518316' 'present']
 ['7' '46.43021617497175' 'present']
 ['5' '51.42263227081303' 'present']
 ['4' '53.04794340119612' 'present']
 ['4' '64.37470236041793' 'present']
 ['2' '76.41504339997624' 'present']
 ['6' '78.35874046388707' 'present']
 ['5' '82.30459074215784' 'present']
 ['7' '85.42701770614775' 'present']
 ['6' '89.89329902271754' 'present']
 ['2' '94.04861615137014' 'present']
 ['6' '94.69874380534313' 'present']
 ['5' '118.67940197233905' 'marauded']
 ['4' '120.05310211751403' 'presentdestroyed']
 ['7' '121.81590181368654' 'presentdestroyed']
 ['5' '132.36541884739458' 'present']
 ['1' '136.8002079834731' 'present']
 ['3' '139.4279816098648' 'present']
 ['1' '139.77944531364133' 'present']
 ['7' '143.83966433467512' 'present']
 ['2' '144.2185797638567' 'present']
 ['7' '148.79749038696923' 'present']
 ['4' '150.6235324438875' 'present']
 ['1' '150.89726409634517' 'marauded']
 ['5' '151.48093642891845' 'presentdestroyed']
 ['1' '153.7922030427344' 'destroyed']
 ['3' '177.4394161455023' 'present']
 ['3' '180.46600137424562' 'present']
 ['3' '194.09928650365416' 'present']
 ['5' '196.19880956298846' 'marauded']
 ['4' '198.8254098550323' 'presentdestroyed']
 ['7' '204.32279802509774' 'present']
 ['4' '210.03818652503998' 'present']
 ['1' '218.0944702685196' 'present']
 ['6' '223.28678814519392' 'present']
 ['2' '245.73243217935757' 'present']
 ['7' '248.23214095274847' 'present']
 ['5' '251.56639897557855' 'present']
 ['6' '255.4262223145248' 'present']
 ['2' '257.081061531404' 'marauded']
 ['7' '258.2260876889023' 'presentdestroyed']
 ['3' '263.12819177608617' 'presentdestroyed']
 ['6' '282.71010508616183' 'present']
 ['5' '284.17688217710855' 'present']
 ['5' '285.02413493195803' 'present']
 ['6' '289.5787812895812' 'present']
 ['4' '291.5377100243756' 'present']
 ['5' '295.2744833905365' 'present']
 ['1' '306.6564420413906' 'present']
 ['2' '315.1051727881321' 'present']
 ['3' '315.8531151405949' 'present']
 ['1' '320.39229888647986' 'present']
 ['2' '327.7613197806256' 'present']
 ['7' '329.8777186962482' 'present']
 ['3' '335.5985125392174' 'marauded']
 ['6' '342.034422077233' 'destroyed']
 ['5' '349.72377046857787' 'present']
 ['7' '350.45704466621174' 'marauded']
 ['6' '351.914168965871' 'destroyed']
 ['4' '354.4665463758934' 'presentdestroyed']
 ['3' '358.7429365160271' 'present']]","[['F68' '54.816007572320636' 'mated']
 ['F11' '100.44293645406457' 'mated']
 ['F14' '129.421598446909' 'absent']
 ['F32' '227.21234065051001' 'mated']
 ['F1' '283.0482959690705' 'mated']
 ['F8' '336.76940380754655' 'absentdestroyed']]",200.0,200.0,566.0,70.34004608756112,13.904925674640548,1451.0,246.98011001239414,53.030888767382066,271.0,42.70038779587323,8.685719978388825,0.0,0.0,0.0,0.0,0.0,0.0
