id,probability_maraud,successful_mating,next_foraging_time,mar_attempts,mate_attempts,x_pos,y_pos,foraging_events,foraging_hrs,foraging_sqhrs,staying_events,staying_hrs,staying_sqhrs,repairing_events,repairing_hrs,repairing_sqhrs,marauding_events,marauding_hrs,marauding_sqhrs,traveling_events,traveling_hrs,traveling_sqhrs
0,0.054,13,360.04672477586706,"[['18' '1.5880924327925674' 'present']
 ['7' '23.667142493639044' 'marauded']
 ['18' '25.85746798769204' 'destroyed']
 ['12' '27.08364288876634' 'presentdestroyed']
 ['7' '31.34705757234504' 'present']
 ['12' '53.78044679005797' 'marauded']
 ['1' '59.25462053564399' 'presentdestroyed']
 ['16' '62.44055530675898' 'present']
 ['7' '67.36030485886842' 'present']
 ['22' '69.58312419587466' 'present']
 ['7' '73.5474788296761' 'marauded']
 ['22' '77.73827076457356' 'presentdestroyed']
 ['4' '78.5526289418906' 'presentdestroyed']
 ['1' '95.61173698520511' 'present']
 ['22' '102.0806815326704' 'present']
 ['4' '104.62319488735697' 'present']
 ['21' '117.61141048005365' 'marauded']
 ['7' '140.89057551282684' 'present']
 ['13' '145.70925732257788' 'present']
 ['14' '146.92081718993373' 'present']
 ['22' '154.51908109203805' 'marauded']
 ['21' '154.5799204930225' 'presentdestroyed']
 ['21' '155.02948360569235' 'presentdestroyed']
 ['12' '157.6366608898686' 'presentdestroyed']
 ['12' '158.13338225279486' 'presentdestroyed']
 ['14' '160.6496702284768' 'presentdestroyed']
 ['1' '163.07947205139828' 'present']
 ['21' '170.5123275801495' 'present']
 ['15' '177.1103934825716' 'present']
 ['7' '186.00114520393097' 'present']
 ['15' '192.707598742143' 'present']
 ['7' '194.84331196503558' 'present']
 ['12' '214.75999666838408' 'present']
 ['21' '225.3080942832244' 'present']
 ['22' '231.75395202408544' 'present']
 ['14' '234.696225425612' 'present']
 ['14' '241.7679634729053' 'present']
 ['4' '244.42713334976656' 'present']
 ['14' '245.01718697266207' 'present']
 ['18' '259.3546494251655' 'present']
 ['21' '264.0126359980166' 'present']
 ['12' '273.6742446779774' 'marauded']
 ['1' '279.73175429897793' 'presentdestroyed']
 ['4' '282.51124549521245' 'marauded']
 ['18' '291.8848503913728' 'present']
 ['15' '294.24970424866916' 'present']
 ['12' '297.2167900175334' 'present']
 ['18' '302.40771590540993' 'present']
 ['15' '313.4245982853337' 'present']
 ['22' '350.6457964978542' 'present']]","[['F185' '30.957904121044383' 'absentdestroyed']
 ['F184' '72.9540606693334' 'mated']
 ['F146' '88.5870359631293' 'mated']
 ['F138' '126.6026755619771' 'mated']
 ['F34' '149.19305445815309' 'mated']
 ['F179' '150.18323709284678' 'mated']
 ['F204' '155.20154204673946' 'absentdestroyed']
 ['F67' '163.8544183023809' 'mated']
 ['F38' '210.39095744038843' 'mated']
 ['F150' '221.21396835212195' 'mated']
 ['F47' '223.51571289454623' 'mated']
 ['F7' '237.62021759064402' 'mated']
 ['F70' '242.717388683337' 'mated']
 ['F164' '294.00177348600926' 'mated']
 ['F200' '302.86034897873037' 'mated']]",0.0,0.0,556.0,70.39105842246371,15.419468891857198,1456.0,245.13151828441397,52.042246397317854,252.0,42.46472147493482,9.101946724824174,13.0,1.3,0.13000000000000006,79.0,0.7693437445020438,0.008551954732510289
1,0.054,9,359.89978894652273,"[['14' '6.396547927027635' 'present']
 ['0' '11.547147499487298' 'marauded']
 ['14' '27.455124192465608' 'present']
 ['18' '28.57938296856655' 'present']
 ['0' '32.11728813235712' 'present']
 ['0' '43.27241581430863' 'present']
 ['7' '43.50666571851956' 'present']
 ['7' '44.03312936898613' 'marauded']
 ['7' '52.40414131845422' 'present']
 ['7' '62.013121035807934' 'present']
 ['15' '69.24999860496976' 'present']
 ['4' '69.93358500082823' 'present']
 ['22' '84.80677962407748' 'present']
 ['16' '96.3556377973336' 'marauded']
 ['14' '112.13470428373488' 'marauded']
 ['14' '134.86378678880249' 'present']
 ['0' '138.10694461859723' 'present']
 ['14' '148.99907955406772' 'present']
 ['13' '159.89830494999174' 'present']
 ['16' '182.14938551885425' 'present']
 ['14' '188.06604366092557' 'present']
 ['7' '189.03712629849855' 'present']
 ['12' '189.18161667709464' 'marauded']
 ['4' '189.49655492198278' 'destroyed']
 ['15' '193.4655105232537' 'presentdestroyed']
 ['18' '194.24234734237416' 'presentdestroyed']
 ['13' '201.17137177691654' 'present']
 ['7' '203.50226440039512' 'present']
 ['0' '254.36819290249582' 'present']
 ['12' '254.38682173638477' 'present']
 ['18' '275.53335482061226' 'present']
 ['13' '275.75241258987666' 'present']
 ['21' '279.8933218601288' 'present']
 ['22' '287.62637434191134' 'marauded']
 ['16' '293.7306320192755' 'presentdestroyed']
 ['4' '302.3810360384548' 'present']
 ['15' '305.11706816509354' 'present']
 ['21' '309.539783892357' 'present']
 ['14' '345.9214115912024' 'present']
 ['7' '347.85751612050353' 'present']
 ['22' '348.52134021604945' 'marauded']
 ['7' '351.1232674413805' 'presentdestroyed']
 ['7' '357.7401187410975' 'present']]","[['F66' '21.736746268878285' 'absent']
 ['F118' '57.666625356899544' 'mated']
 ['F49' '77.2343491097382' 'mated']
 ['F73' '84.33893200429243' 'mated']
 ['F75' '103.43501338032534' 'destroyed']
 ['F196' '131.4120333677438' 'absent']
 ['F119' '141.5817114547008' 'mated']
 ['F26' '199.1059347649532' 'absent']
 ['F72' '249.59330492883115' 'mated']
 ['F80' '256.4662933664428' 'mated']
 ['F207' '285.3576093007473' 'absent']
 ['F84' '299.41925489762906' 'mated']
 ['F111' '309.3936830900165' 'mated']
 ['F171' '314.7699465281114' 'mated']]",0.0,100.0,567.0,71.0488292700932,15.116768193586294,1475.0,244.5490867475098,51.49310102898528,241.0,42.736929988509566,9.572533574123163,9.0,0.8999999999999999,0.09000000000000002,86.0,0.787483643313089,0.008316186556927301
2,0.0,8,360.36006191333354,"[['7' '3.1184403277797093' 'marauded']
 ['7' '3.429748504104374' 'presentdestroyed']
 ['7' '23.206307211989458' 'present']
 ['13' '25.311486768881974' 'present']
 ['14' '32.150351344868966' 'present']
 ['18' '35.319409032082945' 'present']
 ['7' '38.19985320728083' 'marauded']
 ['14' '40.23439553319534' 'presentdestroyed']
 ['22' '43.18676517615872' 'presentdestroyed']
 ['7' '46.14594192467278' 'destroyed']
 ['4' '75.37284406142979' 'present']
 ['7' '86.72296938505394' 'marauded']
 ['13' '94.75931623525723' 'present']
 ['12' '100.89129961506818' 'present']
 ['15' '105.84500073484976' 'present']
 ['15' '107.3365368760638' 'marauded']
 ['16' '113.42787643233478' 'presentdestroyed']
 ['1' '122.48360602309766' 'present']
 ['22' '132.1294532656323' 'present']
 ['13' '134.72113811198514' 'present']
 ['14' '145.50059907218548' 'marauded']
 ['15' '155.23429585823214' 'present']
 ['7' '167.18500268412657' 'present']
 ['22' '181.64023408880004' 'present']
 ['7' '196.73397582321186' 'present']
 ['22' '200.94972505043467' 'present']
 ['0' '215.57074657259471' 'present']
 ['4' '215.75692717888867' 'present']
 ['4' '227.97004199880618' 'present']
 ['7' '229.55632492558135' 'present']
 ['13' '236.78529612021183' 'present']
 ['13' '259.50143493553685' 'present']
 ['21' '264.6946560448853' 'present']
 ['4' '277.3739179004066' 'marauded']
 ['1' '285.5871019006761' 'present']
 ['1' '298.5690272285947' 'present']
 ['16' '299.28842974826506' 'present']
 ['4' '299.8321447260418' 'marauded']
 ['1' '337.2509706266728' 'present']
 ['12' '339.3436035467792' 'present']
 ['22' '346.0953041293259' 'marauded']
 ['21' '350.78343149569235' 'presentdestroyed']]","[['F213' '87.59146076458327' 'absentdestroyed']
 ['F143' '123.43094386040619' 'mated']
 ['F182' '141.38258600578865' 'absent']
 ['F195' '143.23525120313212' 'absent']
 ['F116' '150.4618017667998' 'destroyed']
 ['F168' '155.9434145259742' 'mated']
 ['F142' '190.5197797046675' 'mated']
 ['F180' '210.37548506775585' 'mated']
 ['F20' '240.10505583434536' 'mated']
 ['F107' '258.96831820202425' 'mated']
 ['F139' '297.1044148539385' 'mated']
 ['F12' '332.3458733017472' 'mated']]",0.0,200.0,568.0,72.79142020179125,16.494131327832456,1394.0,238.2097126525134,51.37905045210372,293.0,49.05404184260662,10.572448152638827,0.0,0.0,0.0,0.0,0.0,0.0
3,0.0,8,360.54216456442805,"[['18' '6.002043767532655' 'present']
 ['0' '31.165626325761888' 'present']
 ['7' '33.59448340326909' 'present']
 ['4' '48.20827287018961' 'marauded']
 ['21' '53.29054474255934' 'presentdestroyed']
 ['1' '60.689265145718785' 'present']
 ['4' '64.65440233416622' 'present']
 ['0' '70.56563294851907' 'present']
 ['7' '77.95828165466519' 'marauded']
 ['7' '79.67632742238023' 'presentdestroyed']
 ['18' '83.05162721847725' 'destroyed']
 ['7' '94.29089149011764' 'marauded']
 ['14' '103.96197765934669' 'present']
 ['22' '106.66382688026931' 'marauded']
 ['22' '117.36340676325645' 'present']
 ['15' '119.50761300053846' 'present']
 ['4' '175.92003289728947' 'present']
 ['1' '188.26444883324345' 'present']
 ['13' '197.39762060044967' 'present']
 ['15' '198.23864433178878' 'present']
 ['0' '202.35241387200253' 'present']
 ['22' '204.58367614724847' 'present']
 ['0' '244.10910688707608' 'present']
 ['14' '280.0055773638189' 'present']
 ['22' '289.00602614697664' 'present']
 ['21' '290.5941271387391' 'present']
 ['4' '306.9877155839021' 'marauded']
 ['22' '311.78810902517057' 'presentdestroyed']
 ['22' '313.3005502652853' 'presentdestroyed']
 ['0' '323.28338197034566' 'present']
 ['18' '335.6963552053601' 'present']
 ['13' '336.7895491803549' 'marauded']
 ['18' '338.44933935891066' 'presentdestroyed']
 ['4' '344.92690434138285' 'present']]","[['F178' '9.617381066263397' 'mated']
 ['F165' '31.853121052528603' 'mated']
 ['F64' '91.10429799672434' 'mated']
 ['F91' '111.98098142583105' 'absentdestroyed']
 ['F112' '142.63011667891013' 'mated']
 ['F161' '224.68458372548656' 'mated']
 ['F136' '230.75607931991746' 'mated']
 ['F4' '244.80978617188953' 'absent']
 ['F163' '270.8915703502049' 'mated']
 ['F96' '299.03655297235935' 'mated']]",0.0,300.0,574.0,75.12441711276654,16.88595358511718,1491.0,248.11263598145524,52.332985475839486,209.0,36.89793801283279,7.991335324828215,0.0,0.0,0.0,0.0,0.0,0.0
4,0.054,15,360.6239955066677,"[['16' '2.3798369024996977' 'present']
 ['13' '3.0466576442524316' 'present']
 ['15' '4.312218663169898' 'present']
 ['14' '7.09147009134452' 'present']
 ['15' '15.06537150674673' 'present']
 ['7' '23.064019887594963' 'present']
 ['14' '23.48524453376874' 'marauded']
 ['16' '27.22516739161476' 'presentdestroyed']
 ['13' '30.506139875423695' 'destroyed']
 ['7' '61.26143343065951' 'present']
 ['15' '77.63964851956669' 'present']
 ['16' '90.69902707146059' 'present']
 ['16' '116.94132144472589' 'present']
 ['16' '130.95630206225462' 'present']
 ['14' '135.81231057167096' 'present']
 ['14' '144.68529469418638' 'present']
 ['7' '145.2698389590776' 'present']
 ['14' '153.77846180243176' 'present']
 ['14' '156.3564722359604' 'present']
 ['14' '169.35710337274017' 'present']
 ['21' '175.29092520666248' 'present']
 ['13' '178.31708291831143' 'marauded']
 ['0' '179.1471548571707' 'presentdestroyed']
 ['18' '182.70518450045154' 'destroyed']
 ['16' '195.48756856485568' 'present']
 ['12' '227.3512799457684' 'present']
 ['16' '230.23228470512876' 'present']
 ['0' '231.4868878306254' 'present']
 ['1' '285.58151344335573' 'present']
 ['18' '295.4532684171064' 'present']
 ['12' '310.81210235963925' 'marauded']
 ['13' '315.99769918197075' 'presentdestroyed']
 ['21' '320.0331904095853' 'marauded']
 ['21' '323.929854128429' 'presentdestroyed']
 ['13' '332.89929925009494' 'present']
 ['22' '351.47845109924117' 'marauded']]","[['F176' '13.893397445143542' 'mated']
 ['F53' '55.61729648665565' 'mated']
 ['F198' '62.469105148715315' 'mated']
 ['F15' '75.38518086740636' 'mated']
 ['F59' '134.65944739302995' 'mated']
 ['F17' '142.0485082024595' 'mated']
 ['F120' '142.76214152544998' 'mated']
 ['F209' '146.24784562753888' 'mated']
 ['F18' '211.0187445522232' 'mated']
 ['F127' '220.51074070704527' 'mated']
 ['F102' '231.98972026217018' 'mated']
 ['F57' '232.94880024641634' 'absent']
 ['F162' '235.20519347972987' 'mated']
 ['F69' '246.76577428209842' 'mated']
 ['F152' '258.50931682682096' 'mated']
 ['F103' '275.29623854816555' 'mated']]",100.0,0.0,571.0,72.04846680966902,15.091072200443442,1504.0,255.95697317752612,55.357564309756505,168.0,30.29629033947921,6.687322205010699,10.0,0.9999999999999999,0.10000000000000003,82.0,0.7239086610302633,0.0072659465020576165
5,0.0,11,359.9949872187929,"[['22' '1.9136309840159789' 'present']
 ['7' '20.23452460854666' 'present']
 ['1' '38.17396640905734' 'present']
 ['4' '48.00318958242123' 'present']
 ['0' '50.33142247979815' 'present']
 ['18' '87.26848445701256' 'present']
 ['18' '87.67193424262997' 'marauded']
 ['16' '94.02917179239968' 'destroyed']
 ['18' '99.60397973888473' 'marauded']
 ['21' '100.86280890068053' 'destroyed']
 ['0' '101.69559837856411' 'presentdestroyed']
 ['4' '104.46977006373535' 'destroyed']
 ['16' '114.74059991055965' 'present']
 ['7' '115.01620173547565' 'present']
 ['7' '117.67858463008669' 'marauded']
 ['4' '118.14079444940644' 'presentdestroyed']
 ['4' '142.41701874630493' 'present']
 ['15' '143.7975148655478' 'present']
 ['12' '165.7285017145822' 'present']
 ['22' '184.78564813714067' 'marauded']
 ['13' '196.01202303028276' 'present']
 ['12' '200.82539243354307' 'present']
 ['1' '201.0234116835987' 'present']
 ['7' '201.25805371631478' 'present']
 ['15' '205.75760957110245' 'present']
 ['4' '215.21222887437418' 'present']
 ['22' '215.7214576725008' 'present']
 ['4' '248.0304122662272' 'present']
 ['1' '257.17642581755507' 'present']
 ['0' '269.9249141256946' 'present']
 ['13' '275.0685663972372' 'present']
 ['15' '279.5220185440003' 'present']
 ['18' '283.7406085498885' 'marauded']
 ['1' '299.2988288036713' 'present']
 ['1' '303.8270826570328' 'present']
 ['14' '303.85085999736555' 'present']
 ['13' '309.2780621800043' 'present']
 ['13' '310.10536829191574' 'present']
 ['13' '312.29019465228237' 'present']
 ['21' '320.3121127682086' 'present']
 ['1' '334.67682402291126' 'present']
 ['7' '336.1822074276217' 'present']
 ['1' '341.27261175357563' 'marauded']
 ['7' '348.54230857755107' 'presentdestroyed']
 ['15' '358.9299382235285' 'present']]","[['F30' '24.450121149847533' 'mated']
 ['F19' '81.4989918649673' 'mated']
 ['F37' '82.95648924692347' 'mated']
 ['F202' '84.94202416921182' 'mated']
 ['F75' '103.43269856551053' 'destroyed']
 ['F51' '110.87202464272444' 'absent']
 ['F196' '131.40971855292898' 'absent']
 ['F61' '138.34975164961153' 'absent']
 ['F33' '151.86097922187952' 'mated']
 ['F81' '166.76561214391404' 'mated']
 ['F109' '174.86486278865706' 'absent']
 ['F170' '180.15532948277996' 'mated']
 ['F98' '182.54966911432385' 'mated']
 ['F88' '184.16622176537282' 'mated']
 ['F134' '226.9648422249039' 'mated']
 ['F78' '253.10059162348355' 'mated']
 ['F160' '256.11661660525004' 'absent']]",100.0,100.0,562.0,70.77813107212255,14.485122700125167,1493.0,252.61801981954073,52.52159947565626,213.0,36.65297491577285,8.159633518559016,0.0,0.0,0.0,0.0,0.0,0.0
6,0.0,15,360.3371319775532,"[['15' '3.700477143220587' 'marauded']
 ['22' '6.153242629867355' 'presentdestroyed']
 ['22' '12.307640355778085' 'marauded']
 ['15' '12.86137644106689' 'presentdestroyed']
 ['21' '15.341474878511102' 'presentdestroyed']
 ['4' '19.418015309625954' 'presentdestroyed']
 ['21' '28.149179440105065' 'marauded']
 ['14' '28.86495625988947' 'presentdestroyed']
 ['7' '47.0755443331128' 'present']
 ['14' '53.28883377556746' 'present']
 ['14' '53.298093034826714' 'present']
 ['22' '54.98045781044651' 'present']
 ['16' '60.959567914301005' 'present']
 ['13' '69.42139552599816' 'present']
 ['15' '71.94383694808647' 'present']
 ['16' '82.86503537291094' 'marauded']
 ['16' '86.39364179149354' 'presentdestroyed']
 ['15' '92.66867144746908' 'present']
 ['15' '98.57362651784476' 'present']
 ['14' '106.10910020591315' 'present']
 ['4' '106.71119923052999' 'present']
 ['13' '109.31648076055183' 'present']
 ['18' '121.16554945256144' 'present']
 ['1' '124.0975312188704' 'present']
 ['16' '126.07821093818012' 'present']
 ['15' '138.27768821349983' 'marauded']
 ['12' '144.201537577101' 'presentdestroyed']
 ['12' '151.83571596879653' 'present']
 ['7' '159.3351387321399' 'present']
 ['1' '162.65965431621217' 'present']
 ['18' '182.49802670553143' 'present']
 ['15' '183.97139708705677' 'present']
 ['4' '194.05376253095247' 'present']
 ['4' '197.40169485807957' 'present']
 ['16' '198.79427391627343' 'present']
 ['13' '230.01850910983467' 'marauded']
 ['15' '245.63698415631362' 'present']
 ['15' '252.68882081473893' 'marauded']
 ['15' '258.8462889062406' 'presentdestroyed']
 ['12' '275.561696139083' 'present']
 ['12' '277.01465741859664' 'present']
 ['4' '277.0905281557074' 'present']
 ['18' '278.2785988357903' 'marauded']
 ['21' '289.9749963018654' 'marauded']
 ['13' '290.02197516716853' 'destroyed']
 ['4' '291.75871059540447' 'presentdestroyed']
 ['14' '292.9978313941623' 'presentdestroyed']
 ['13' '295.2220844197382' 'presentdestroyed']
 ['14' '295.5764878187815' 'presentdestroyed']
 ['21' '312.9005096193709' 'present']
 ['12' '324.78601167140846' 'present']
 ['22' '328.63508469951876' 'present']
 ['13' '335.452269284843' 'present']]","[['F203' '65.91564719159774' 'mated']
 ['F135' '90.06066026386353' 'mated']
 ['F29' '103.50146123247933' 'mated']
 ['F51' '110.87433945753925' 'mated']
 ['F94' '112.28166635191845' 'mated']
 ['F95' '138.3533007296108' 'destroyed']
 ['F182' '141.38490082060346' 'absentdestroyed']
 ['F119' '141.57843781219532' 'destroyed']
 ['F112' '142.62684303640464' 'destroyed']
 ['F76' '156.48636076665932' 'mated']
 ['F189' '172.61668901232588' 'mated']
 ['F109' '174.87794214407342' 'mated']
 ['F26' '199.10920840745868' 'mated']
 ['F197' '208.85315169602694' 'mated']
 ['F39' '220.99921903962326' 'absent']
 ['F126' '229.77577945703538' 'mated']
 ['F4' '244.82365354407682' 'mated']
 ['F132' '245.41845875918975' 'mated']
 ['F6' '263.01139304997605' 'mated']
 ['F164' '293.996597402728' 'absentdestroyed']
 ['F133' '307.72235051171725' 'mated']]",100.0,200.0,563.0,71.16495630287761,15.606993418292888,1399.0,234.36367548712732,50.31291209191435,315.0,54.64044482894849,12.089166207051166,0.0,0.0,0.0,0.0,0.0,0.0
7,0.054,7,360.01920117717503,"[['14' '7.079746723052284' 'present']
 ['16' '14.040907691753555' 'present']
 ['16' '16.860837796298906' 'present']
 ['18' '33.40396772314105' 'present']
 ['18' '33.418607897493686' 'present']
 ['18' '34.589433626618344' 'present']
 ['0' '36.25771924327306' 'present']
 ['4' '69.87740598110226' 'present']
 ['4' '81.27501434150523' 'present']
 ['15' '90.60584231205127' 'present']
 ['22' '92.47760500023067' 'present']
 ['21' '103.62207810600594' 'present']
 ['13' '104.76785570621216' 'marauded']
 ['14' '107.59888654613607' 'presentdestroyed']
 ['0' '131.72235360704033' 'marauded']
 ['4' '133.5991869763597' 'destroyed']
 ['15' '138.26788250058897' 'presentdestroyed']
 ['21' '159.50350266001453' 'present']
 ['12' '164.72649933135503' 'present']
 ['13' '171.55557472905343' 'marauded']
 ['22' '173.86962460055796' 'presentdestroyed']
 ['1' '187.67937082213268' 'present']
 ['22' '197.58756429215714' 'present']
 ['16' '206.2334374858165' 'present']
 ['13' '221.24608467170606' 'marauded']
 ['22' '237.0937557276026' 'present']
 ['14' '242.43399452024994' 'present']
 ['22' '243.75203144440357' 'present']
 ['22' '249.9698825440598' 'present']
 ['0' '251.67986060656048' 'marauded']
 ['13' '253.08566959374298' 'presentdestroyed']
 ['1' '254.214328349441' 'presentdestroyed']
 ['4' '254.6398171795123' 'presentdestroyed']
 ['15' '260.7798566326929' 'marauded']
 ['12' '266.8796051412612' 'presentdestroyed']
 ['16' '268.8272201237947' 'present']
 ['13' '271.8571268441748' 'present']
 ['21' '279.2484550235148' 'present']
 ['14' '291.99422285746346' 'marauded']
 ['0' '296.4243656357483' 'destroyed']
 ['22' '327.32826619467096' 'present']
 ['4' '332.873112672455' 'present']
 ['16' '340.98030932115716' 'present']
 ['14' '341.28732890432286' 'present']
 ['1' '347.39050447000034' 'present']]","[['F192' '96.55856276856998' 'mated']
 ['F21' '133.09464524902828' 'destroyed']
 ['F179' '150.1799634503413' 'absent']
 ['F141' '170.17532224117923' 'mated']
 ['F109' '174.86023315902744' 'destroyed']
 ['F109' '174.86949241828668' 'destroyed']
 ['F52' '187.48341497751997' 'mated']
 ['F114' '196.2996391161248' 'mated']
 ['F131' '205.13285659818158' 'mated']
 ['F47' '223.51243925204074' 'destroyed']
 ['F22' '235.01693351297013' 'mated']
 ['F68' '243.9386169789967' 'mated']
 ['F171' '314.76477044483016' 'absent']]",100.0,300.0,574.0,71.60959691556296,15.099237126398616,1483.0,242.98307306256766,50.98777604268686,244.0,42.48761600809945,9.317289770366255,20.0,2.0000000000000004,0.20000000000000012,104.0,0.9678270072988853,0.01011659807956105
8,0.0,7,360.31152555525193,"[['7' '3.1118930427687226' 'present']
 ['13' '17.783935822644832' 'present']
 ['0' '18.80898674944222' 'marauded']
 ['14' '39.408381093327876' 'present']
 ['7' '51.253673539626476' 'present']
 ['18' '54.199758478689304' 'present']
 ['13' '56.13844754185036' 'present']
 ['4' '81.78089866192789' 'present']
 ['7' '88.95229096672861' 'present']
 ['12' '95.50952125649651' 'present']
 ['7' '102.19011374020695' 'present']
 ['16' '103.86774332897902' 'present']
 ['13' '113.48991826732815' 'marauded']
 ['12' '120.20177575187047' 'destroyed']
 ['15' '124.59866648312469' 'present']
 ['16' '129.0314773950428' 'present']
 ['14' '136.43316915484385' 'marauded']
 ['0' '152.6628731457958' 'marauded']
 ['1' '156.09388476463872' 'presentdestroyed']
 ['7' '171.4033733465759' 'present']
 ['0' '179.63331792655015' 'present']
 ['0' '187.44990672129177' 'present']
 ['1' '188.69167358458654' 'present']
 ['12' '207.289568867562' 'present']
 ['1' '227.9051609898885' 'present']
 ['1' '230.35709026719394' 'present']
 ['7' '233.59581015669474' 'present']
 ['7' '241.03482541798616' 'present']
 ['1' '245.67360150595593' 'present']
 ['0' '252.1875697616641' 'marauded']
 ['13' '256.73470245230357' 'presentdestroyed']
 ['4' '280.41615899729914' 'present']
 ['7' '289.35869927900757' 'present']
 ['13' '302.6652371773574' 'present']
 ['15' '303.48626627445896' 'present']
 ['1' '308.1402783779067' 'present']
 ['12' '310.5044021597404' 'present']
 ['4' '342.1182627928864' 'present']
 ['21' '345.6407759765174' 'present']
 ['16' '347.70708404989034' 'present']
 ['18' '353.47107073929186' 'present']]","[['F66' '21.75309926680015' 'destroyed']
 ['F188' '22.189278379090357' 'absentdestroyed']
 ['F44' '117.56004568112171' 'absentdestroyed']
 ['F120' '142.75982671063517' 'destroyed']
 ['F106' '151.8905874521348' 'mated']
 ['F83' '161.9331534346062' 'mated']
 ['F93' '173.01963149484845' 'mated']
 ['F109' '174.87276606079217' 'absent']
 ['F169' '182.48529333768357' 'mated']
 ['F86' '208.3151963017192' 'mated']
 ['F57' '232.95111506123115' 'mated']
 ['F78' '253.09731798097806' 'destroyed']
 ['F82' '345.7362671232529' 'mated']]",200.0,0.0,576.0,70.69411717971225,14.496282870987223,1534.0,258.9473142223233,55.181565545375584,183.0,30.39167414556088,6.3388973331346365,0.0,0.0,0.0,0.0,0.0,0.0
9,0.0,5,360.3541708879191,"[['15' '1.1196264034618233' 'present']
 ['18' '22.351924986523283' 'present']
 ['1' '39.43491993149478' 'present']
 ['18' '49.011039955613384' 'present']
 ['7' '52.35446376295314' 'present']
 ['1' '54.33966932938016' 'marauded']
 ['21' '61.51023821091348' 'present']
 ['22' '68.06938674382035' 'present']
 ['16' '78.17891436875924' 'present']
 ['12' '94.93255580116221' 'present']
 ['18' '148.42465195869346' 'present']
 ['0' '153.3903407219396' 'present']
 ['4' '163.81997090633467' 'present']
 ['21' '165.6409889353533' 'present']
 ['16' '172.58047396157338' 'present']
 ['12' '198.95541619286746' 'marauded']
 ['4' '215.7653769046754' 'present']
 ['1' '224.3358919835858' 'present']
 ['13' '231.51976763690774' 'present']
 ['12' '234.1387445307871' 'present']
 ['21' '238.249134083802' 'present']
 ['16' '254.8501328866143' 'present']
 ['18' '258.94118069631367' 'present']
 ['0' '259.4800748903947' 'marauded']
 ['22' '261.00384171842467' 'presentdestroyed']
 ['14' '266.6026913760912' 'present']
 ['1' '282.35719315658935' 'present']
 ['15' '287.1901909114152' 'marauded']
 ['7' '302.64669217557355' 'present']
 ['0' '307.30390651181597' 'present']
 ['12' '313.227917593427' 'marauded']
 ['0' '315.0208104680926' 'destroyed']
 ['18' '321.8790052686221' 'marauded']
 ['12' '332.7492570928473' 'present']
 ['7' '334.3923053855227' 'present']
 ['1' '335.27098924132434' 'present']
 ['12' '343.91292253265203' 'present']
 ['0' '349.9215332941912' 'present']]","[['F44' '117.56699012556615' 'mated']
 ['F108' '219.38936627331523' 'mated']
 ['F22' '235.00443734251257' 'absent']
 ['F55' '238.5751217877698' 'mated']
 ['F48' '249.07497041518565' 'mated']
 ['F201' '296.06065292937' 'mated']]",200.0,100.0,560.0,72.59125771117822,15.427049465074097,1441.0,250.6550429074487,55.025553542952004,216.0,36.88119532813799,8.091064644927535,0.0,0.0,0.0,0.0,0.0,0.0
10,0.0,7,360.32528413824207,"[['15' '18.27038843458089' 'marauded']
 ['4' '19.833308403273023' 'presentdestroyed']
 ['7' '22.30342122594237' 'presentdestroyed']
 ['18' '29.782176442179125' 'marauded']
 ['21' '39.64578086583565' 'present']
 ['0' '43.263553714482825' 'present']
 ['21' '68.82932592134829' 'present']
 ['13' '83.72737972709857' 'present']
 ['18' '89.47193121489656' 'present']
 ['16' '94.48033261431864' 'present']
 ['13' '94.76990996493903' 'present']
 ['14' '105.23605928476653' 'present']
 ['18' '105.41058387811209' 'present']
 ['4' '106.7013935176191' 'present']
 ['12' '109.48982900860094' 'present']
 ['18' '110.9948266617961' 'marauded']
 ['4' '113.05802823551376' 'presentdestroyed']
 ['16' '115.9758142354299' 'presentdestroyed']
 ['1' '124.08908149308365' 'present']
 ['16' '126.33126285263768' 'present']
 ['0' '128.1299719304626' 'marauded']
 ['14' '151.1372984746159' 'present']
 ['22' '152.43256422237835' 'present']
 ['22' '172.7326900188177' 'present']
 ['22' '173.85750407283226' 'present']
 ['1' '178.17649809022421' 'present']
 ['15' '186.44124297768298' 'present']
 ['0' '187.33872980665117' 'marauded']
 ['14' '204.59041429835807' 'marauded']
 ['13' '212.08816541040926' 'present']
 ['14' '231.75618929565528' 'present']
 ['12' '234.26192961636247' 'present']
 ['0' '236.89453868461956' 'present']
 ['15' '251.54163088648963' 'present']
 ['16' '277.9735460017917' 'present']
 ['12' '286.0002659008793' 'present']
 ['12' '308.8722247304784' 'present']
 ['16' '318.043983101173' 'present']
 ['14' '319.8348211216709' 'marauded']
 ['1' '329.6493475172795' 'present']
 ['14' '330.18890226121886' 'present']
 ['12' '330.81969736255024' 'present']
 ['13' '332.9077489758817' 'present']]","[['F66' '21.74846963717052' 'destroyed']
 ['F30' '24.431969253428637' 'absentdestroyed']
 ['F202' '84.93875052670633' 'absent']
 ['F94' '112.27935153710364' 'destroyed']
 ['F44' '117.56467531075134' 'destroyed']
 ['F61' '138.36170136641746' 'absent']
 ['F119' '141.5761229973805' 'absent']
 ['F121' '161.49079881075164' 'mated']
 ['F187' '167.52151151930417' 'mated']
 ['F123' '177.1714946963259' 'mated']
 ['F35' '182.04997843211922' 'mated']
 ['F58' '200.32728636435053' 'mated']
 ['F99' '218.0293098420974' 'absent']
 ['F16' '272.22638436836917' 'mated']
 ['F96' '299.0313768890781' 'absent']
 ['F191' '318.57853480362587' 'mated']]",200.0,200.0,572.0,68.43311718390537,13.565784616065647,1493.0,248.8690851990447,52.68869844891803,261.0,42.70086198124884,8.774165353927124,0.0,0.0,0.0,0.0,0.0,0.0
11,0.0,5,360.5730267006635,"[['16' '3.080591716249331' 'present']
 ['12' '18.444258080204218' 'present']
 ['1' '20.46248286304445' 'present']
 ['18' '24.595714980138865' 'present']
 ['14' '47.40927718032106' 'present']
 ['15' '70.54007612854058' 'present']
 ['4' '77.19637591716008' 'present']
 ['15' '90.69675486183179' 'present']
 ['7' '104.1803263759503' 'marauded']
 ['4' '120.66301878226965' 'present']
 ['4' '126.71264547240723' 'present']
 ['1' '154.72424800873839' 'present']
 ['18' '162.71238264657603' 'present']
 ['14' '165.57904622550564' 'marauded']
 ['18' '187.8733567658334' 'present']
 ['21' '191.5075412203193' 'present']
 ['14' '195.95519726578954' 'present']
 ['1' '206.89297465374815' 'present']
 ['13' '210.7474818867086' 'present']
 ['4' '211.01210277779418' 'present']
 ['4' '223.3993479445245' 'present']
 ['13' '226.0521416108798' 'present']
 ['0' '234.38405209544723' 'marauded']
 ['12' '246.50749058460326' 'present']
 ['22' '278.56420497634497' 'present']
 ['7' '282.5434562183327' 'present']
 ['13' '287.43817523193104' 'present']
 ['7' '289.9798118524714' 'marauded']
 ['14' '290.3634844921173' 'presentdestroyed']
 ['12' '292.73385115877585' 'presentdestroyed']
 ['0' '310.55934368167834' 'present']
 ['13' '312.2803889393715' 'present']
 ['13' '332.2377960697192' 'present']
 ['7' '345.30169133182414' 'present']
 ['7' '345.3063209614538' 'present']
 ['16' '348.57726685806256' 'present']
 ['4' '350.146257929496' 'marauded']
 ['7' '357.63073844522955' 'present']]","[['F122' '72.5744172362759' 'mated']
 ['F195' '143.24042728641336' 'mated']
 ['F3' '145.03091631168724' 'mated']
 ['F179' '150.17764863552648' 'absent']
 ['F149' '187.89363042681666' 'mated']
 ['F50' '193.09972674602574' 'mated']]",200.0,300.0,567.0,73.6065140487221,16.6340645088286,1502.0,255.99158727827478,55.44235865618818,174.0,30.414664068889294,6.964611375843431,0.0,0.0,0.0,0.0,0.0,0.0
12,0.054,11,360.0316828514273,"[['16' '5.432614197421517' 'present']
 ['0' '7.084121478572368' 'marauded']
 ['16' '10.718939622883891' 'presentdestroyed']
 ['7' '11.73866956120872' 'presentdestroyed']
 ['16' '24.38439462657622' 'present']
 ['14' '53.82643052008637' 'marauded']
 ['18' '55.75574408222989' 'destroyed']
 ['14' '57.7904168544446' 'presentdestroyed']
 ['1' '60.49309054359507' 'presentdestroyed']
 ['13' '63.519885862440006' 'present']
 ['1' '65.84855186808741' 'present']
 ['13' '66.7414141756817' 'marauded']
 ['21' '68.46124350275923' 'presentdestroyed']
 ['4' '84.4264362301676' 'present']
 ['13' '91.24282746380526' 'present']
 ['18' '122.21240076224471' 'present']
 ['7' '130.1108575598928' 'marauded']
 ['18' '137.8327315803842' 'present']
 ['7' '167.07655295833985' 'marauded']
 ['4' '172.34948132049433' 'destroyed']
 ['4' '175.23966586642447' 'present']
 ['16' '181.20291574425372' 'present']
 ['7' '181.6916637589793' 'present']
 ['16' '192.52985670746247' 'present']
 ['15' '195.83010408967084' 'present']
 ['15' '212.49586444599012' 'present']
 ['16' '217.12112827109604' 'present']
 ['15' '221.05598515836485' 'present']
 ['14' '225.54802259527185' 'present']
 ['4' '227.96023628589532' 'present']
 ['16' '237.5340677853931' 'marauded']
 ['1' '243.4830657839728' 'presentdestroyed']
 ['22' '255.94903827723755' 'marauded']
 ['4' '262.9868538402912' 'present']
 ['14' '267.485727991982' 'present']
 ['4' '281.4900393817061' 'present']
 ['1' '282.2044007813983' 'present']
 ['14' '284.54747097892346' 'present']
 ['13' '291.64020737934834' 'present']
 ['1' '307.7716284027939' 'present']
 ['13' '315.99020828387467' 'present']
 ['13' '316.0051900800668' 'present']
 ['0' '316.07904371734276' 'present']
 ['15' '320.38680766776946' 'present']
 ['16' '329.522263394531' 'present']
 ['4' '349.8322353778799' 'present']
 ['0' '352.88849625427304' 'present']]","[['F66' '21.755414081614962' 'absent']
 ['F122' '72.57114359377042' 'destroyed']
 ['F184' '72.94711622488896' 'absentdestroyed']
 ['F8' '82.53047032547809' 'mated']
 ['F213' '87.60126647749416' 'absent']
 ['F151' '114.46193065587298' 'mated']
 ['F2' '127.32900794464415' 'mated']
 ['F182' '141.39144810561444' 'mated']
 ['F14' '143.01281029071174' 'absent']
 ['F77' '143.95300991339627' 'mated']
 ['F210' '171.01831618577364' 'destroyed']
 ['F189' '172.5997895607524' 'destroyed']
 ['F70' '242.71044423889253' 'destroyed']
 ['F4' '244.81710625906584' 'absentdestroyed']
 ['F175' '278.048861606481' 'mated']
 ['F28' '282.94086792678326' 'mated']
 ['F42' '305.7773397683535' 'mated']
 ['F158' '314.5403535988532' 'mated']
 ['F166' '315.5455736355821' 'mated']
 ['F128' '319.8907740866195' 'mated']]",300.0,0.0,561.0,69.23794497421366,13.645106359532711,1481.0,246.30595328877692,52.52475243921313,244.0,42.317611097676156,9.25766651861925,16.0,1.6000000000000003,0.1600000000000001,90.0,0.8122968672555503,0.008294753086419759
13,0.054,6,360.69748994729855,"[['7' '0.24950675982402032' 'present']
 ['18' '1.3871831166844086' 'present']
 ['4' '8.541346841367737' 'present']
 ['0' '8.953736680036275' 'present']
 ['12' '20.611253287710866' 'present']
 ['14' '24.44913374087238' 'present']
 ['7' '28.47261221360204' 'present']
 ['18' '32.64430601122979' 'marauded']
 ['0' '63.53440789337783' 'present']
 ['18' '90.35080554990347' 'present']
 ['12' '96.77535040717869' 'marauded']
 ['22' '113.49266345920957' 'marauded']
 ['21' '115.52895697473744' 'presentdestroyed']
 ['18' '120.85830315479048' 'present']
 ['4' '123.79209551234868' 'present']
 ['16' '144.68227683763106' 'present']
 ['22' '151.73643312809475' 'marauded']
 ['14' '160.1275080340881' 'present']
 ['1' '174.93573720506626' 'present']
 ['7' '182.27939879981076' 'marauded']
 ['15' '196.40628966182604' 'present']
 ['22' '204.71463515383962' 'present']
 ['16' '207.13292810583806' 'present']
 ['0' '214.98086395203651' 'present']
 ['12' '218.64872195160393' 'present']
 ['16' '231.2401721106566' 'present']
 ['16' '271.3621235375609' 'present']
 ['1' '276.1840387089557' 'present']
 ['1' '281.58645775518283' 'present']
 ['12' '286.5319322510686' 'present']
 ['14' '289.1743482565446' 'present']
 ['7' '303.1027201861164' 'present']
 ['15' '305.43063852240346' 'present']
 ['7' '309.3933100896138' 'present']
 ['22' '311.97657211654723' 'present']
 ['1' '312.453990536911' 'present']
 ['1' '314.857764787759' 'present']
 ['14' '316.23020215096113' 'present']
 ['12' '326.75777887186956' 'present']
 ['14' '327.2440127193803' 'present']
 ['4' '333.2801616426133' 'present']
 ['22' '340.7412821451624' 'marauded']
 ['0' '343.41775757133985' 'destroyed']
 ['21' '350.15906990466897' 'marauded']
 ['18' '357.9607111345177' 'present']]","[['F0' '90.70207071662462' 'mated']
 ['F40' '109.85225372914898' 'mated']
 ['F45' '160.85089050544724' 'mated']
 ['F117' '176.29311562066513' 'mated']
 ['F60' '206.31771110994848' 'mated']
 ['F113' '297.7278442674293' 'mated']]",300.0,100.0,554.0,70.49241246494174,15.113820265404446,1444.0,244.3905874526005,53.035934168263076,250.0,42.73419205659323,9.27757178433681,16.0,1.6000000000000003,0.1600000000000001,89.0,0.8204983864015966,0.00855195473251029
14,0.054,7,360.02435435579656,"[['0' '0.8243944994903397' 'present']
 ['12' '17.035352534123852' 'present']
 ['12' '28.35623579744409' 'present']
 ['13' '66.239115952028' 'marauded']
 ['15' '85.35426965323195' 'present']
 ['13' '91.86279625170017' 'present']
 ['21' '96.6168280278031' 'present']
 ['4' '104.11354290097795' 'present']
 ['22' '118.96472379772507' 'marauded']
 ['1' '126.29011600551125' 'presentdestroyed']
 ['13' '131.18367464936654' 'present']
 ['0' '131.71073378102682' 'present']
 ['13' '139.41585421242033' 'present']
 ['15' '155.99676051797164' 'present']
 ['7' '171.41182307236264' 'present']
 ['4' '188.59968572150356' 'marauded']
 ['13' '197.38695960212684' 'present']
 ['18' '207.63755365460153' 'marauded']
 ['0' '215.9073534588256' 'present']
 ['16' '218.37770542435376' 'marauded']
 ['15' '219.82111234051885' 'presentdestroyed']
 ['13' '230.6291739083575' 'present']
 ['16' '238.3613692152403' 'present']
 ['13' '247.1251362828987' 'marauded']
 ['0' '249.46226789497405' 'presentdestroyed']
 ['4' '266.09709927823707' 'present']
 ['18' '268.6481805090559' 'present']
 ['0' '273.67210816217437' 'present']
 ['7' '275.4126240922956' 'present']
 ['12' '275.6494306791636' 'present']
 ['12' '296.7290563267362' 'present']
 ['4' '303.3598019504096' 'present']
 ['4' '306.5187833833789' 'present']
 ['0' '311.5511398012272' 'present']
 ['7' '332.67521716609593' 'marauded']
 ['22' '357.88111360417787' 'marauded']]","[['F43' '29.15739961805946' 'mated']
 ['F185' '30.9662503045524' 'mated']
 ['F32' '37.355683270381526' 'absent']
 ['F129' '112.2927251420633' 'mated']
 ['F140' '141.93863323939792' 'mated']
 ['F154' '143.9389640493' 'mated']
 ['F46' '228.11537588931773' 'mated']
 ['F205' '287.25458206746185' 'mated']]",300.0,200.0,566.0,68.68562100595851,14.481981653487315,1465.0,244.01787239852675,51.83365289133431,272.0,44.488904146941074,9.174757163886834,19.0,1.9000000000000006,0.1900000000000001,98.0,0.9106505409364359,0.009773662551440335
15,0.054,9,360.27815417473533,"[['14' '5.499523454339845' 'present']
 ['7' '18.332994646254498' 'marauded']
 ['1' '19.872708688226655' 'presentdestroyed']
 ['0' '47.427533813365365' 'marauded']
 ['7' '49.3917178553398' 'presentdestroyed']
 ['7' '56.689398391379974' 'present']
 ['18' '80.74836160854673' 'present']
 ['22' '93.6392761757215' 'present']
 ['18' '105.41848715024722' 'present']
 ['12' '112.8991173413943' 'present']
 ['13' '124.82275979848005' 'present']
 ['16' '128.47816075120824' 'present']
 ['13' '160.23861831759385' 'present']
 ['21' '165.0117047776889' 'present']
 ['14' '169.6385675492817' 'marauded']
 ['18' '177.38377528179217' 'present']
 ['12' '196.0620111395689' 'present']
 ['22' '209.62708575524792' 'present']
 ['16' '224.30627141617146' 'marauded']
 ['18' '226.84633956979016' 'presentdestroyed']
 ['14' '232.31961818014034' 'marauded']
 ['7' '240.1948758148806' 'present']
 ['18' '263.2399191742424' 'present']
 ['7' '299.53796921624877' 'present']
 ['7' '304.89995070467535' 'present']
 ['14' '307.3666531835519' 'present']
 ['7' '307.3775293863938' 'present']
 ['1' '329.3925260335707' 'marauded']
 ['12' '342.02864190318763' 'present']
 ['12' '348.99020854255866' 'present']]","[['F53' '55.6121204033744' 'absent']
 ['F190' '56.13189956724593' 'absent']
 ['F124' '57.896885337089664' 'mated']
 ['F0' '90.69552343161364' 'absent']
 ['F125' '129.91765573381622' 'mated']
 ['F199' '136.23883955270955' 'mated']
 ['F83' '161.9298797921007' 'absent']
 ['F189' '172.5974747459376' 'destroyed']
 ['F189' '172.61151292904464' 'destroyed']
 ['F156' '187.8934223080311' 'mated']
 ['F177' '189.93766431196838' 'mated']
 ['F194' '195.43224989527633' 'mated']
 ['F215' '211.7528468726684' 'mated']
 ['F162' '235.20001739644863' 'absentdestroyed']
 ['F208' '241.45372596158094' 'mated']
 ['F175' '278.0465467916662' 'absent']
 ['F137' '294.32125649014756' 'mated']
 ['F105' '318.8369476947183' 'absent']]",300.0,300.0,567.0,70.42114193864394,14.656057312387297,1486.0,251.06143744813218,53.73478649837259,218.0,36.66192809946859,7.674174474061529,11.0,1.0999999999999999,0.11000000000000004,84.0,0.8237545615561631,0.009002057613168728
16,0.054,9,360.0924003285115,"[['21' '22.9890591511382' 'present']
 ['14' '30.754664795644633' 'present']
 ['14' '34.34018829788088' 'present']
 ['12' '35.5754834807353' 'present']
 ['12' '43.57338751180209' 'marauded']
 ['0' '46.76260050211179' 'presentdestroyed']
 ['12' '51.00307161844803' 'presentdestroyed']
 ['14' '52.73227746967729' 'marauded']
 ['18' '54.91031054431163' 'presentdestroyed']
 ['0' '62.1517689282379' 'present']
 ['21' '68.00993986571707' 'present']
 ['14' '78.46089233564915' 'present']
 ['21' '101.10252087795091' 'present']
 ['15' '102.73796744553304' 'present']
 ['21' '104.80543107679776' 'marauded']
 ['18' '120.64666557963736' 'present']
 ['0' '127.58722340845809' 'present']
 ['15' '132.6284048525811' 'marauded']
 ['13' '140.14756089251085' 'presentdestroyed']
 ['13' '145.71985105225968' 'marauded']
 ['14' '150.65366123976065' 'destroyed']
 ['7' '158.30705641381692' 'marauded']
 ['22' '160.67506843583553' 'presentdestroyed']
 ['7' '164.45615561613377' 'presentdestroyed']
 ['22' '165.2215909271786' 'presentdestroyed']
 ['21' '170.39517190389267' 'present']
 ['12' '175.93011252005402' 'present']
 ['1' '178.1868502567867' 'present']
 ['21' '184.53727189697767' 'present']
 ['21' '197.84278089152596' 'present']
 ['12' '227.55404227443157' 'present']
 ['7' '244.03021602271141' 'present']
 ['13' '254.84690263157069' 'marauded']
 ['1' '262.97804848700036' 'present']
 ['22' '277.9088256349995' 'present']
 ['13' '279.3561476418303' 'marauded']
 ['7' '283.54235134885363' 'presentdestroyed']
 ['4' '286.0924743816644' 'presentdestroyed']
 ['15' '286.1624248596067' 'presentdestroyed']
 ['0' '297.4968989479212' 'present']
 ['14' '324.7047732070745' 'present']
 ['7' '325.86355473875295' 'present']
 ['18' '330.776646169249' 'marauded']
 ['18' '332.6198386013392' 'presentdestroyed']
 ['21' '353.5210979965094' 'present']
 ['7' '357.6211035432384' 'present']]","[['F37' '82.94916915974716' 'absent']
 ['F183' '85.81857986729374' 'absent']
 ['F213' '87.60358129230897' 'mated']
 ['F0' '90.69879707411913' 'absent']
 ['F110' '128.10905035816467' 'mated']
 ['F212' '129.73270807162308' 'mated']
 ['F140' '141.92882752648705' 'absent']
 ['F214' '149.5347177002626' 'destroyed']
 ['F54' '157.78769851856157' 'mated']
 ['F45' '160.84761686294175' 'destroyed']
 ['F104' '209.5631121655409' 'mated']
 ['F97' '245.91784711125558' 'mated']
 ['F24' '250.9659236006881' 'mated']
 ['F152' '258.5008671010342' 'destroyed']
 ['F79' '264.4871783186837' 'mated']
 ['F90' '344.1824322775375' 'mated']]",400.0,0.0,555.0,70.27971089994826,14.12627871218283,1348.0,233.2578676723628,51.45149212763468,326.0,54.950104103203394,11.64771695002573,9.0,0.8999999999999999,0.09000000000000002,82.0,0.7813954077410247,0.008701989026063105
17,0.0,9,360.345918765009,"[['14' '1.0847595711012987' 'present']
 ['16' '31.129606592000147' 'present']
 ['4' '46.04860888333293' 'marauded']
 ['16' '60.72158681367594' 'present']
 ['1' '64.57693901681016' 'present']
 ['1' '73.55654987665535' 'present']
 ['15' '73.74305736593482' 'present']
 ['21' '75.18738234137817' 'marauded']
 ['16' '75.75126149406023' 'presentdestroyed']
 ['7' '82.4161114288263' 'presentdestroyed']
 ['13' '84.08429126577661' 'present']
 ['14' '111.7580970541417' 'present']
 ['18' '119.12209794717684' 'present']
 ['15' '130.04472244389387' 'present']
 ['13' '140.43178075719462' 'present']
 ['0' '141.2178965287842' 'present']
 ['0' '154.04652151690323' 'present']
 ['13' '176.90429211120895' 'present']
 ['18' '193.99864015706368' 'marauded']
 ['14' '200.40345998957628' 'presentdestroyed']
 ['1' '201.01646723915428' 'presentdestroyed']
 ['12' '207.5889926468883' 'present']
 ['7' '209.51679721145405' 'present']
 ['21' '218.19912644047483' 'marauded']
 ['22' '228.80883307760166' 'present']
 ['1' '248.79685637311374' 'present']
 ['21' '252.22185363476873' 'present']
 ['15' '253.16507262207074' 'marauded']
 ['15' '260.07635133194873' 'presentdestroyed']
 ['12' '290.2175932977215' 'present']
 ['0' '306.75686955928336' 'present']
 ['22' '321.58215102077014' 'marauded']
 ['0' '328.2098172168859' 'presentdestroyed']
 ['12' '334.87002470390286' 'present']
 ['16' '357.5527399070183' 'present']]","[['F135' '90.05334017668721' 'absent']
 ['F75' '103.43964300995498' 'mated']
 ['F174' '145.20857580889714' 'mated']
 ['F214' '149.5370325150774' 'mated']
 ['F144' '161.56728563235757' 'mated']
 ['F92' '188.30377934317025' 'mated']
 ['F142' '190.51460362138627' 'absent']
 ['F25' '207.7636320894203' 'mated']
 ['F36' '217.0726882448615' 'mated']
 ['F99' '218.03448592537865' 'mated']
 ['F105' '318.8421237779995' 'mated']
 ['F82' '345.73109103997166' 'absent']]",400.0,100.0,575.0,68.71376629067437,13.77266171213335,1531.0,254.66038881091382,53.950209538687766,220.0,36.65641760676145,7.808358608390467,0.0,0.0,0.0,0.0,0.0,0.0
18,0.054,8,360.32146877139394,"[['4' '1.2598887242449055' 'present']
 ['7' '4.308848744918835' 'present']
 ['14' '10.805964421153686' 'present']
 ['22' '18.45790780961942' 'present']
 ['14' '51.66068635663429' 'present']
 ['7' '62.107118067493964' 'present']
 ['13' '63.16110421933021' 'present']
 ['0' '84.7224690431781' 'present']
 ['13' '91.13723900648496' 'marauded']
 ['14' '101.71458602946147' 'present']
 ['0' '170.84354820119938' 'present']
 ['22' '193.76730779876178' 'present']
 ['12' '201.7682178951929' 'present']
 ['4' '204.31118860014348' 'present']
 ['22' '207.73113737446832' 'marauded']
 ['21' '211.21102749875473' 'presentdestroyed']
 ['12' '216.5288139439156' 'marauded']
 ['12' '217.75952710681295' 'presentdestroyed']
 ['21' '231.84433349161338' 'present']
 ['0' '232.8120704760341' 'marauded']
 ['13' '233.2375763083494' 'presentdestroyed']
 ['14' '241.75730247458247' 'present']
 ['21' '242.23090000510672' 'marauded']
 ['14' '244.67883588336045' 'destroyed']
 ['22' '254.4010108488551' 'present']
 ['12' '283.4493548300794' 'present']
 ['14' '283.79139576461887' 'marauded']
 ['15' '286.1689721446177' 'destroyed']
 ['0' '306.3278248018579' 'present']
 ['15' '309.77373138480345' 'present']
 ['15' '313.4351920150155' 'marauded']
 ['1' '333.71154161409794' 'present']
 ['13' '334.37182746087393' 'present']
 ['12' '342.74013142697453' 'present']
 ['16' '347.6978247906311' 'present']]","[['F66' '33.760590164896215' 'mated']
 ['F130' '61.547200948245596' 'mated']
 ['F198' '62.4607589652073' 'absent']
 ['F13' '103.48334142172756' 'mated']
 ['F147' '128.15054681727955' 'mated']
 ['F157' '132.95385408846633' 'mated']
 ['F61' '138.34243156243522' 'absent']
 ['F65' '141.66232096521466' 'mated']
 ['F159' '187.12420708836052' 'mated']
 ['F89' '262.5279397276669' 'mated']
 ['F191' '318.57390517399625' 'destroyed']]",400.0,200.0,570.0,74.52934507269319,16.379263277495923,1393.0,240.1287542346577,52.28374176648663,266.0,43.04192240523203,9.054719471867292,17.0,1.7000000000000004,0.1700000000000001,82.0,0.7610238986605002,0.00801611796982168
19,0.0,12,360.2673264219081,"[['18' '1.026982502479533' 'present']
 ['1' '1.2922138714106504' 'present']
 ['14' '1.6880697533422169' 'present']
 ['1' '2.8647167509559823' 'present']
 ['22' '12.543878788880546' 'present']
 ['21' '22.980609425351457' 'present']
 ['12' '27.35491897470337' 'present']
 ['0' '35.76372885042416' 'present']
 ['12' '37.45769119331785' 'present']
 ['18' '38.83891557084719' 'present']
 ['14' '40.82452036811966' 'present']
 ['13' '57.78880725634304' 'present']
 ['13' '61.67965129316762' 'present']
 ['1' '63.15091296875652' 'present']
 ['12' '64.88760110869966' 'marauded']
 ['1' '76.32013751838264' 'marauded']
 ['0' '84.71074567488586' 'present']
 ['4' '86.17093623272748' 'marauded']
 ['15' '90.05058093313737' 'presentdestroyed']
 ['14' '95.08666172909841' 'marauded']
 ['12' '96.76976194985839' 'presentdestroyed']
 ['4' '112.81796828463361' 'present']
 ['15' '117.69377646241884' 'present']
 ['14' '118.13500983969872' 'marauded']
 ['16' '123.20963018891302' 'presentdestroyed']
 ['18' '128.49421989113534' 'present']
 ['13' '139.42334511051638' 'marauded']
 ['21' '148.79678367990763' 'marauded']
 ['14' '160.53805040246328' 'marauded']
 ['4' '177.18181579554604' 'marauded']
 ['1' '181.25802730973356' 'presentdestroyed']
 ['13' '196.0022173173719' 'present']
 ['21' '196.47078626402148' 'present']
 ['7' '200.44272669112667' 'present']
 ['22' '200.95531350775497' 'present']
 ['0' '212.3577438955993' 'present']
 ['14' '226.86599182926506' 'present']
 ['21' '231.06939911021678' 'present']
 ['21' '231.70515779011836' 'present']
 ['14' '240.98990534383668' 'present']
 ['7' '272.84666229652714' 'present']
 ['13' '291.6476982774444' 'present']
 ['1' '300.6813989478067' 'present']
 ['12' '300.944373217139' 'present']
 ['16' '301.9070609282733' 'present']
 ['15' '304.90273192448484' 'present']
 ['14' '308.16408354338125' 'present']
 ['18' '308.6731259341477' 'present']
 ['14' '312.48964347469683' 'marauded']
 ['21' '323.5010559563994' 'present']
 ['7' '324.85261081734114' 'present']
 ['12' '328.17397663592556' 'present']
 ['14' '328.2308755134022' 'present']
 ['22' '334.0098128654279' 'present']
 ['18' '352.80929688460833' 'present']
 ['15' '359.34256041882253' 'present']
 ['7' '359.53235664393037' 'present']]","[['F66' '21.74329355388927' 'absent']
 ['F188' '22.194454462371606' 'mated']
 ['F63' '27.13828947141162' 'mated']
 ['F190' '56.13421438206075' 'mated']
 ['F19' '81.49064568145927' 'destroyed']
 ['F183' '85.82416832461404' 'mated']
 ['F91' '111.98561105546068' 'mated']
 ['F193' '114.14020141127848' 'mated']
 ['F61' '138.3668774496987' 'mated']
 ['F112' '142.61952294922833' 'destroyed']
 ['F81' '166.75726596040602' 'destroyed']
 ['F101' '220.30937178960852' 'mated']
 ['F160' '256.12496278875807' 'mated']
 ['F181' '272.5811239206345' 'mated']
 ['F173' '301.5570136002784' 'mated']
 ['F155' '302.1843709050939' 'mated']]",400.0,300.0,562.0,72.30407185212195,15.721026071591607,1353.0,226.72492637265518,49.11370232181101,357.0,61.08384511255581,13.255912696580406,0.0,0.0,0.0,0.0,0.0,0.0
20,0.0,9,360.3311698830669,"[['4' '2.953707196933197' 'present']
 ['22' '7.7059765595012895' 'marauded']
 ['21' '17.10901096801148' 'present']
 ['7' '17.480779853220117' 'present']
 ['22' '39.62401734727781' 'marauded']
 ['15' '45.644896478750276' 'presentdestroyed']
 ['22' '72.13727040648334' 'present']
 ['18' '73.73063915477411' 'present']
 ['16' '81.33102128141482' 'marauded']
 ['1' '82.41042909511494' 'presentdestroyed']
 ['15' '105.21774060292267' 'present']
 ['16' '113.43673853216058' 'present']
 ['18' '133.7055789029161' 'present']
 ['18' '134.75904245287117' 'present']
 ['12' '143.06789810752787' 'marauded']
 ['15' '151.9298705411657' 'present']
 ['1' '164.56711640564768' 'present']
 ['13' '165.65119341448033' 'present']
 ['1' '179.64207385459792' 'present']
 ['12' '188.69777445999833' 'present']
 ['0' '190.02472561795489' 'present']
 ['15' '190.21634322919854' 'present']
 ['21' '191.4869918442678' 'present']
 ['22' '192.20935692944286' 'marauded']
 ['21' '202.65623896676937' 'present']
 ['12' '207.28262442311757' 'present']
 ['0' '211.29685331977623' 'present']
 ['16' '231.92298995284142' 'present']
 ['12' '235.95978813796697' 'marauded']
 ['13' '237.9386546434258' 'destroyed']
 ['15' '248.51458594926322' 'present']
 ['13' '255.85133248161168' 'present']
 ['1' '268.5519004377251' 'present']
 ['12' '287.7354454326145' 'marauded']
 ['21' '289.35807988184666' 'presentdestroyed']
 ['18' '300.7296248233284' 'marauded']
 ['4' '306.5076064687383' 'presentdestroyed']
 ['1' '313.74064452959544' 'present']
 ['22' '323.05809443171813' 'marauded']
 ['7' '335.0572470874963' 'present']
 ['7' '336.19201314053254' 'present']
 ['21' '347.4286996453591' 'present']
 ['12' '348.8590580932726' 'present']
 ['15' '355.0388916022604' 'marauded']
 ['1' '356.4977724230777' 'presentdestroyed']
 ['16' '359.7182999010871' 'presentdestroyed']]","[['F30' '24.440315436936654' 'absent']
 ['F32' '37.362230555392514' 'mated']
 ['F183' '85.81626505247893' 'destroyed']
 ['F213' '87.58628468130202' 'destroyed']
 ['F213' '87.59663684786453' 'destroyed']
 ['F87' '109.03159682104284' 'mated']
 ['F31' '138.9753809644867' 'mated']
 ['F167' '139.97590731046827' 'mated']
 ['F140' '141.93114234130186' 'absent']
 ['F14' '143.01743992034136' 'mated']
 ['F174' '145.20530216639165' 'destroyed']
 ['F123' '177.16314851281788' 'absent']
 ['F206' '211.08689877156925' 'mated']
 ['F186' '225.8224622100051' 'mated']
 ['F22' '234.99711725533626' 'absent']
 ['F22' '235.01175742968888' 'absent']
 ['F211' '282.40987357432704' 'mated']
 ['F207' '285.3608829432528' 'mated']]",500.0,0.0,565.0,72.8370377347933,17.298193937222155,1364.0,228.68288949597593,48.64333000788222,360.0,58.69607638011778,12.2252673518076,0.0,0.0,0.0,0.0,0.0,0.0
21,0.054,8,360.27910809997917,"[['0' '1.8093401240727702' 'present']
 ['1' '2.5081911902315084' 'present']
 ['12' '2.606168313153101' 'present']
 ['15' '26.362554289803853' 'present']
 ['16' '27.76082081248522' 'present']
 ['7' '31.35687849986152' 'present']
 ['15' '40.67176477706204' 'present']
 ['1' '66.35937384274041' 'present']
 ['7' '71.673966447204' 'present']
 ['1' '79.5488034022381' 'marauded']
 ['1' '85.43850914104011' 'presentdestroyed']
 ['22' '86.36606032456957' 'presentdestroyed']
 ['14' '89.54699457349474' 'present']
 ['22' '106.7694153375896' 'marauded']
 ['15' '108.77175331045022' 'presentdestroyed']
 ['0' '108.99880500491969' 'presentdestroyed']
 ['16' '122.9903635451135' 'marauded']
 ['16' '126.3214419251212' 'destroyed']
 ['1' '131.6687962988378' 'marauded']
 ['14' '141.09425487920424' 'marauded']
 ['15' '145.10959841383743' 'presentdestroyed']
 ['22' '146.8905678115875' 'presentdestroyed']
 ['12' '162.22591745833904' 'present']
 ['7' '168.88931329845937' 'present']
 ['13' '180.35836218896762' 'present']
 ['15' '195.14059593693915' 'present']
 ['16' '203.4568447462114' 'present']
 ['13' '235.56477569483496' 'present']
 ['12' '236.6384381173067' 'present']
 ['16' '236.90499633992454' 'present']
 ['22' '241.51965193144494' 'present']
 ['18' '254.4816042269015' 'present']
 ['1' '255.98491129155278' 'marauded']
 ['18' '257.2563175027546' 'presentdestroyed']
 ['12' '268.6711758302803' 'marauded']
 ['18' '271.5635705336283' 'destroyed']
 ['16' '296.5490143656185' 'marauded']
 ['12' '296.7388620396471' 'presentdestroyed']
 ['12' '297.13699054676886' 'presentdestroyed']
 ['4' '304.2860804233433' 'present']
 ['15' '306.7663029161424' 'present']
 ['0' '318.8157064866393' 'present']
 ['16' '321.44609600248157' 'present']
 ['1' '328.0210478771423' 'marauded']
 ['14' '329.09344268253966' 'presentdestroyed']
 ['7' '335.8165131326238' 'marauded']
 ['7' '342.60651695790267' 'destroyed']
 ['4' '346.5706899414557' 'present']]","[['F172' '59.6954315309622' 'mated']
 ['F56' '98.78680459942048' 'mated']
 ['F1' '124.25069033448968' 'absentdestroyed']
 ['F199' '136.23229226769857' 'destroyed']
 ['F95' '138.34812464632955' 'destroyed']
 ['F61' '138.35438127924115' 'destroyed']
 ['F140' '141.93345715611667' 'destroyed']
 ['F17' '142.04333211917825' 'destroyed']
 ['F174' '145.20298735157684' 'destroyed']
 ['F204' '155.20481568924495' 'mated']
 ['F71' '170.7296674609899' 'mated']
 ['F189' '172.60496564403365' 'absent']
 ['F115' '173.08551436465135' 'mated']
 ['F148' '221.6827452542029' 'mated']
 ['F11' '242.50893621005773' 'mated']
 ['F152' '258.5041407435397' 'absentdestroyed']
 ['F16' '272.21906428119286' 'destroyed']
 ['F85' '317.2187067250318' 'mated']]",500.0,100.0,568.0,72.68452577636121,15.855146977285541,1360.0,225.00822683865695,47.45122889100127,378.0,60.464102967291005,12.347842273156948,13.0,1.3,0.13000000000000006,70.0,0.5985616021182372,0.00582990397805213
22,0.054,15,360.3956386415353,"[['16' '7.968214590714875' 'present']
 ['21' '18.638698686919476' 'marauded']
 ['12' '23.48872006476798' 'destroyed']
 ['18' '31.582272662320435' 'marauded']
 ['16' '37.6511715694391' 'destroyed']
 ['0' '42.32510170682333' 'present']
 ['18' '44.5472607156459' 'marauded']
 ['1' '53.95181260456804' 'present']
 ['13' '68.26088250585627' 'present']
 ['21' '69.13886197691917' 'present']
 ['1' '78.08860098953605' 'present']
 ['14' '80.48997447238433' 'present']
 ['18' '81.72903180433511' 'present']
 ['13' '88.09298957434414' 'present']
 ['7' '91.42783059963106' 'present']
 ['0' '108.99035527913294' 'present']
 ['4' '115.9890781472003' 'present']
 ['21' '119.01673170598312' 'marauded']
 ['16' '126.03040085449089' 'destroyed']
 ['0' '138.45656024890872' 'present']
 ['7' '145.00343729587559' 'present']
 ['16' '167.66498827718468' 'present']
 ['13' '170.66518001115284' 'present']
 ['18' '180.40627096130495' 'present']
 ['16' '181.19542484615766' 'present']
 ['15' '195.8375949877669' 'present']
 ['0' '197.11541977123287' 'present']
 ['21' '198.48074503103086' 'present']
 ['7' '201.0733832994677' 'present']
 ['4' '225.67509315574642' 'present']
 ['4' '232.9568316136134' 'present']
 ['1' '254.66899226698646' 'present']
 ['14' '277.61398435132963' 'present']
 ['14' '278.97138772569616' 'present']
 ['16' '286.66575765766305' 'present']
 ['12' '298.0960590615901' 'marauded']
 ['18' '302.41657800523575' 'presentdestroyed']
 ['0' '309.72184329976653' 'present']
 ['0' '315.78744947890186' 'present']
 ['18' '335.688864307264' 'present']
 ['21' '354.961227168999' 'present']]","[['F30' '24.444945066566284' 'absentdestroyed']
 ['F153' '73.98273367053746' 'mated']
 ['F9' '96.6398084787772' 'mated']
 ['F196' '131.41530701024928' 'mated']
 ['F21' '133.09982133230952' 'mated']
 ['F95' '138.3579303592404' 'mated']
 ['F65' '141.66000615039985' 'absent']
 ['F116' '150.4641165816146' 'mated']
 ['F145' '151.70864127855245' 'mated']
 ['F210' '171.02486347078462' 'mated']
 ['F5' '183.00803089433404' 'mated']
 ['F100' '216.33027286986777' 'mated']
 ['F74' '218.81899409389405' 'mated']
 ['F39' '221.00384866925287' 'mated']
 ['F27' '261.1579382628959' 'mated']
 ['F41' '344.26972058524933' 'mated']
 ['F10' '346.5064181940001' 'mated']]",500.0,200.0,564.0,67.24770966315009,13.7569633328049,1486.0,259.46337317058556,56.810488067682684,185.0,30.502602838163384,6.296135352400034,22.0,2.2000000000000006,0.22000000000000014,74.0,0.6438909468435904,0.006215706447187934
23,0.0,3,360.27535372957203,"[['4' '3.1843913478738775' 'present']
 ['16' '7.381733198981775' 'marauded']
 ['18' '22.360374712310026' 'present']
 ['16' '28.57651336356448' 'present']
 ['16' '31.969882506272327' 'present']
 ['21' '38.97296453003456' 'present']
 ['12' '41.225796532883386' 'marauded']
 ['0' '43.66936725439583' 'destroyed']
 ['12' '48.33295561856455' 'presentdestroyed']
 ['13' '52.829925110326336' 'marauded']
 ['4' '55.28771391396746' 'destroyed']
 ['4' '60.36196439498978' 'present']
 ['21' '73.85229743940512' 'marauded']
 ['18' '81.3038360466395' 'marauded']
 ['15' '97.86186974097669' 'present']
 ['15' '131.96541311980366' 'present']
 ['15' '132.620501580446' 'present']
 ['4' '145.1926112793728' 'present']
 ['4' '146.2155610661566' 'present']
 ['14' '146.934339456723' 'present']
 ['0' '147.9321126920174' 'present']
 ['14' '153.17507043417268' 'present']
 ['12' '156.8818823202803' 'present']
 ['1' '166.36279811182416' 'present']
 ['15' '180.53113519134016' 'present']
 ['1' '180.79303152000458' 'present']
 ['7' '183.05036839502472' 'marauded']
 ['21' '185.4602358918596' 'presentdestroyed']
 ['0' '189.36742822569724' 'destroyed']
 ['12' '196.06950203766496' 'present']
 ['22' '203.47216096749128' 'marauded']
 ['15' '208.8166190972043' 'destroyed']
 ['16' '212.3142083323382' 'present']
 ['21' '226.01803911775934' 'present']
 ['1' '254.1039761828785' 'marauded']
 ['18' '262.110359777964' 'marauded']
 ['15' '264.46864087486637' 'destroyed']
 ['13' '269.9620654107691' 'present']
 ['13' '278.9355499378171' 'present']
 ['14' '280.86494333610653' 'present']
 ['22' '296.3797079713263' 'present']
 ['1' '306.2953980781816' 'present']
 ['14' '313.0697643912129' 'marauded']
 ['7' '338.2143740921259' 'marauded']
 ['15' '342.2114525532614' 'destroyed']
 ['18' '357.4656488422246' 'marauded']]","[['F190' '56.127269937616305' 'destroyed']
 ['F183' '85.82185350979923' 'destroyed']
 ['F23' '121.84540264949881' 'mated']
 ['F1' '124.25531996411931' 'mated']
 ['F62' '181.00502272248778' 'mated']
 ['F177' '189.93303468233876' 'destroyed']]",500.0,300.0,559.0,72.09859351693161,16.085508317128873,1301.0,218.9448567543511,47.387454718238324,412.0,68.95813173137999,14.927593524223335,0.0,0.0,0.0,0.0,0.0,0.0
