id,probability_maraud,successful_mating,next_foraging_time,mar_attempts,mate_attempts,x_pos,y_pos,foraging_events,foraging_hrs,foraging_sqhrs,staying_events,staying_hrs,staying_sqhrs,repairing_events,repairing_hrs,repairing_sqhrs,marauding_events,marauding_hrs,marauding_sqhrs,traveling_events,traveling_hrs,traveling_sqhrs
0,0.054,11,360.25017786030907,"[['19' '0.28542714236367156' 'present']
 ['9' '2.85809393053677' 'present']
 ['17' '21.46916053529198' 'present']
 ['19' '35.876563744651534' 'present']
 ['17' '40.94120942236992' 'present']
 ['19' '42.000376519341444' 'present']
 ['17' '42.790677702562846' 'present']
 ['17' '48.33447361801682' 'present']
 ['5' '68.12242071395069' 'present']
 ['17' '68.4722308797769' 'present']
 ['17' '68.49537902792505' 'present']
 ['19' '73.7418844773219' 'present']
 ['19' '87.89212972395752' 'present']
 ['17' '89.13062013438785' 'present']
 ['9' '97.56248338399364' 'marauded']
 ['9' '108.91432524322397' 'present']
 ['9' '113.55050256661667' 'marauded']
 ['5' '132.4856363635976' 'present']
 ['9' '137.20309799988178' 'marauded']
 ['23' '147.50824936673334' 'present']
 ['9' '157.2586079729999' 'present']
 ['19' '159.8005495336422' 'present']
 ['9' '160.26703009836757' 'present']
 ['17' '165.0954528303012' 'marauded']
 ['5' '166.37315565203684' 'presentdestroyed']
 ['5' '167.50380114966717' 'destroyed']
 ['19' '176.35101546138682' 'present']
 ['17' '199.00178160226648' 'present']
 ['9' '206.63948431626457' 'present']
 ['5' '208.15157190326693' 'present']
 ['17' '223.22480521091313' 'present']
 ['5' '226.65268974741193' 'present']
 ['4' '235.64638502229573' 'present']
 ['18' '240.76365521991605' 'marauded']
 ['5' '243.2578944139944' 'presentdestroyed']
 ['5' '244.15104631775017' 'presentdestroyed']
 ['17' '245.91083131783418' 'presentdestroyed']
 ['17' '249.52105447487557' 'present']
 ['9' '256.21092063442745' 'present']
 ['17' '258.0072202987811' 'present']
 ['4' '259.6693776448493' 'present']
 ['19' '271.7174836273694' 'present']
 ['9' '276.9310904188347' 'present']
 ['9' '284.23526961849865' 'present']
 ['9' '284.9733548942068' 'present']
 ['17' '288.2906534347991' 'present']
 ['5' '288.4105053135404' 'present']
 ['5' '295.47003093468726' 'marauded']
 ['9' '299.4182067907378' 'presentdestroyed']
 ['9' '301.13597921673954' 'presentdestroyed']
 ['5' '313.06323220562354' 'present']
 ['4' '340.8096782201985' 'present']
 ['23' '348.35149713369765' 'present']
 ['17' '350.420292851825' 'marauded']
 ['5' '359.19804414672024' 'present']]","[['F152' '51.20120456573092' 'mated']
 ['F47' '66.59299986347958' 'mated']
 ['F67' '66.97747569644865' 'mated']
 ['F38' '141.52520143885775' 'destroyed']
 ['F59' '171.35615124826106' 'destroyed']
 ['F189' '178.02096014221735' 'mated']
 ['F132' '180.43885612618408' 'mated']
 ['F6' '200.89391051428765' 'absent']
 ['F109' '208.3222081465857' 'mated']
 ['F131' '231.3803962872129' 'mated']
 ['F89' '258.94999559523836' 'mated']
 ['F107' '288.6759208156317' 'mated']
 ['F188' '306.6692427751561' 'mated']
 ['F136' '337.927229633716' 'mated']]",0.0,0.0,576.0,70.24296826139776,14.065350616855524,1431.0,243.96569111864216,53.09221887954686,238.0,42.61203354574091,9.244577028760201,9.0,0.8999999999999999,0.09000000000000002,83.0,2.3184600774443433,0.07073045267489705
1,0.0,4,360.5484408955693,"[['0' '1.5108130952343137' 'present']
 ['10' '5.0532325069044' 'present']
 ['0' '5.1217943094097' 'present']
 ['3' '8.299195739544631' 'present']
 ['3' '8.986317368512173' 'marauded']
 ['0' '16.63903765410634' 'presentdestroyed']
 ['10' '23.97108829605881' 'present']
 ['10' '28.500619191221563' 'present']
 ['3' '48.451352544028' 'present']
 ['3' '50.562856453428196' 'present']
 ['0' '52.694761181135675' 'present']
 ['2' '66.64604844516032' 'present']
 ['13' '66.86137205492236' 'present']
 ['0' '67.07533639515843' 'present']
 ['3' '69.40319653058991' 'present']
 ['10' '82.78623408949082' 'marauded']
 ['3' '88.57885258605748' 'destroyed']
 ['3' '97.51900502184563' 'present']
 ['3' '108.0214100389803' 'present']
 ['10' '122.52899718813903' 'marauded']
 ['10' '151.46523507601393' 'present']
 ['3' '151.5622646475717' 'present']
 ['10' '155.43980833194541' 'present']
 ['10' '158.68408497942949' 'present']
 ['3' '162.78107601090812' 'marauded']
 ['3' '171.9703979551075' 'present']
 ['3' '185.1090246017004' 'present']
 ['3' '195.4528019478453' 'present']
 ['3' '200.95032125048837' 'marauded']
 ['3' '209.98008342840149' 'marauded']
 ['10' '210.56832669557886' 'presentdestroyed']
 ['13' '220.80538935848148' 'present']
 ['3' '229.5557126121116' 'present']
 ['3' '242.36791667871609' 'present']
 ['3' '248.51952831429654' 'marauded']
 ['3' '248.93861239361544' 'presentdestroyed']
 ['0' '251.13539947197557' 'presentdestroyed']
 ['3' '265.72106835570304' 'present']
 ['10' '274.0612998472332' 'marauded']
 ['3' '275.5861197021605' 'presentdestroyed']
 ['0' '281.93761480288737' 'presentdestroyed']
 ['10' '284.04562007974624' 'marauded']
 ['10' '289.9464904407003' 'presentdestroyed']
 ['3' '301.6374300050567' 'present']
 ['13' '303.7959043554357' 'present']
 ['0' '306.134769785604' 'present']
 ['10' '310.42329089045614' 'present']
 ['3' '317.3170911013117' 'present']
 ['10' '318.72617530066395' 'marauded']
 ['10' '319.41886462142645' 'presentdestroyed']
 ['13' '320.33041265207896' 'presentdestroyed']
 ['3' '321.77510955469137' 'presentdestroyed']
 ['0' '328.3263414886794' 'marauded']
 ['10' '329.7243583904135' 'presentdestroyed']
 ['3' '335.1489720601446' 'presentdestroyed']
 ['13' '346.8376258651761' 'present']
 ['3' '352.2581475022005' 'present']]","[['F45' '52.168773861739666' 'mated']
 ['F47' '54.51876128058173' 'absent']
 ['F11' '142.89132252449116' 'mated']
 ['F61' '209.5184080478697' 'absent']
 ['F61' '209.54155619601786' 'absent']
 ['F81' '212.64128130908358' 'destroyed']
 ['F129' '236.43437869366002' 'mated']
 ['F112' '237.6892177200963' 'absent']
 ['F103' '244.90765421748978' 'mated']]",0.0,500.0,568.0,72.92899679493547,15.689267502116738,1291.0,220.2881123766939,48.26881513327782,407.0,66.86204536516986,14.164497749166074,0.0,0.0,0.0,0.0,0.0,0.0
2,0.054,11,359.9467790111888,"[['12' '6.0933990870838235' 'present']
 ['12' '7.229754937838356' 'marauded']
 ['22' '21.019513485538646' 'present']
 ['5' '21.715981803029372' 'present']
 ['22' '31.304919159249398' 'present']
 ['19' '31.421443052083898' 'present']
 ['12' '35.23702310300212' 'present']
 ['5' '39.295194818172455' 'present']
 ['21' '43.6355620233533' 'present']
 ['5' '50.80172414834631' 'present']
 ['21' '53.32518339857216' 'present']
 ['12' '53.39431470901886' 'present']
 ['22' '67.23864270729226' 'present']
 ['21' '70.26505927872886' 'marauded']
 ['21' '72.24743642966416' 'presentdestroyed']
 ['19' '76.07675635838693' 'presentdestroyed']
 ['5' '78.01254875712883' 'present']
 ['22' '83.14850564585538' 'marauded']
 ['22' '85.44084842983662' 'destroyed']
 ['21' '97.01294949792715' 'present']
 ['22' '99.03596051031185' 'marauded']
 ['5' '109.42793454891135' 'present']
 ['12' '114.89429292785131' 'present']
 ['19' '115.14095104674706' 'marauded']
 ['22' '127.70227399252357' 'present']
 ['22' '129.82667289645727' 'present']
 ['12' '141.85836652878427' 'present']
 ['22' '143.17144192703287' 'present']
 ['12' '145.51276861013713' 'present']
 ['19' '157.93379291368592' 'present']
 ['19' '167.47207406027704' 'present']
 ['12' '189.2332476524758' 'present']
 ['12' '190.24254721245964' 'present']
 ['5' '191.99477848623596' 'present']
 ['22' '193.09982179235126' 'present']
 ['19' '194.2091504538655' 'present']
 ['5' '196.73131848208885' 'present']
 ['12' '206.04620014907184' 'present']
 ['21' '206.57959427267082' 'marauded']
 ['5' '214.8175517703387' 'present']
 ['22' '215.35053362999275' 'marauded']
 ['21' '218.09870217081465' 'presentdestroyed']
 ['21' '219.13638408861905' 'presentdestroyed']
 ['21' '237.31258704523168' 'present']
 ['12' '242.1319016810546' 'present']
 ['22' '247.3228634752299' 'present']
 ['22' '251.10618486704925' 'present']
 ['12' '258.3656827762444' 'marauded']
 ['21' '266.9885472184316' 'present']
 ['19' '268.0343437879189' 'present']
 ['22' '268.86343285150707' 'present']
 ['12' '275.75678316496675' 'present']
 ['22' '276.54890732878965' 'present']
 ['22' '277.6042501573849' 'present']
 ['12' '281.9708232045003' 'present']
 ['22' '282.890297802386' 'present']
 ['5' '283.9977218551648' 'present']
 ['12' '286.31167321445895' 'present']
 ['22' '290.2502568911457' 'present']
 ['12' '304.3224853278338' 'present']
 ['22' '306.63140026220515' 'present']
 ['22' '312.99842880794205' 'present']
 ['12' '316.02346544482043' 'present']
 ['16' '318.8044979366889' 'present']
 ['22' '326.5006887454948' 'present']
 ['5' '343.32749890502004' 'marauded']
 ['22' '345.3006327338944' 'presentdestroyed']
 ['19' '346.0660952167593' 'destroyed']
 ['5' '346.3263566670348' 'presentdestroyed']
 ['22' '352.283873164845' 'present']]","[['F40' '40.68383465472796' 'absent']
 ['F43' '122.85706962544984' '']
 ['F43' '122.88021777359799' '']
 ['F198' '123.13884537418163' 'mated']
 ['F23' '135.18674321472446' 'mated']
 ['F212' '163.39791240235502' 'mated']
 ['F66' '165.97160539105613' 'absent']
 ['F192' '175.26126767914167' 'mated']
 ['F32' '183.60803183903448' 'absent']
 ['F117' '215.491251051826' 'destroyed']
 ['F174' '216.08944436102135' 'destroyed']
 ['F174' '216.1125925091695' 'destroyed']
 ['F146' '227.33250754028668' 'mated']
 ['F207' '232.8241099815458' 'absent']
 ['F62' '267.7406523418436' 'mated']
 ['F94' '291.2171019715343' 'mated']
 ['F10' '305.02554197493265' 'mated']
 ['F78' '313.4642998626785' 'mated']
 ['F77' '333.4324070756178' 'mated']
 ['F12' '337.2055358180178' 'mated']]",0.0,1000.0,564.0,69.3655095637412,14.891968687856984,1359.0,232.21484992934302,50.328765303055874,330.0,55.04816952319193,11.882544520828565,12.0,1.2,0.12000000000000005,85.0,2.173232106757101,0.060549554183813345
3,0.054,8,360.4858666558824,"[['21' '9.471259305253845' 'present']
 ['7' '11.59991390356559' 'present']
 ['7' '25.423600628325364' 'marauded']
 ['22' '27.183616713677555' 'destroyed']
 ['7' '30.943612307816338' 'presentdestroyed']
 ['18' '31.611803954912546' 'presentdestroyed']
 ['9' '36.01582368072511' 'present']
 ['18' '39.996973939397776' 'present']
 ['21' '54.1860467330248' 'present']
 ['9' '57.11999517207093' 'present']
 ['9' '89.00389867968049' 'present']
 ['13' '97.67789146888482' 'present']
 ['9' '102.32971432243137' 'present']
 ['9' '108.10509884989047' 'present']
 ['13' '112.30889100035256' 'marauded']
 ['5' '113.16785715742134' 'destroyed']
 ['7' '136.74947673406612' 'present']
 ['18' '148.07005421738702' 'present']
 ['9' '162.65793906987864' 'present']
 ['13' '165.14131478866517' 'present']
 ['22' '166.00236268998464' 'present']
 ['18' '166.96926295544796' 'present']
 ['13' '170.79082934253796' 'present']
 ['7' '177.1876700662022' 'present']
 ['13' '191.62699670207297' 'present']
 ['9' '193.5896762776176' 'present']
 ['9' '197.42159819637115' 'present']
 ['21' '208.4559224773058' 'present']
 ['18' '239.22227343500109' 'present']
 ['18' '244.2555659194905' 'present']
 ['7' '247.3279135525072' 'present']
 ['7' '250.5619876154191' 'present']
 ['9' '262.0845598127492' 'present']
 ['9' '270.9449135753812' 'present']
 ['18' '290.72017453532345' 'present']
 ['7' '292.74851650531656' 'marauded']
 ['18' '313.60544874822926' 'present']
 ['19' '331.1917392097162' 'present']
 ['9' '333.3261522478142' 'present']
 ['9' '336.51046978169006' 'present']
 ['9' '337.3812542258656' 'present']
 ['9' '339.2994196159118' 'present']
 ['9' '345.7568902678366' 'present']
 ['7' '352.247481706575' 'marauded']]","[['F47' '54.530335354655804' 'absent']
 ['F47' '54.55348350280396' 'absent']
 ['F153' '84.71670328732037' 'absent']
 ['F116' '173.02958713065354' 'mated']
 ['F182' '186.59237580259858' 'mated']
 ['F34' '189.46873459831767' 'mated']
 ['F64' '190.5496277620498' 'mated']
 ['F61' '209.5299821219438' 'absent']
 ['F61' '209.55313027009194' 'absent']
 ['F117' '215.54713562502906' 'mated']
 ['F80' '255.06126406388714' 'mated']
 ['F183' '267.90919680545966' 'mated']
 ['F60' '271.73200188940194' 'mated']
 ['F51' '310.67816547089143' 'absent']]",0.0,1500.0,560.0,71.45930146542867,16.75601378467292,1536.0,259.57658424999,55.87568920331982,140.0,24.53912077624105,5.530701580483596,19.0,1.9000000000000006,0.1900000000000001,95.0,2.650252360496272,0.07823216735253768
4,0.054,12,360.5731191878068,"[['5' '3.027149443565014' 'present']
 ['7' '19.48374909126011' 'present']
 ['7' '24.820679024986045' 'present']
 ['21' '54.70371606405627' 'present']
 ['5' '59.14038013177865' 'marauded']
 ['21' '66.27637695436052' 'present']
 ['7' '101.70802076206998' 'present']
 ['0' '132.94913456822493' 'present']
 ['5' '133.29548263081452' 'present']
 ['5' '140.01133028454103' 'present']
 ['5' '147.75614363048268' 'marauded']
 ['7' '172.3024290726534' 'present']
 ['7' '181.61045217485307' 'present']
 ['7' '183.82020373086235' 'present']
 ['5' '192.80291106192914' 'present']
 ['7' '209.95846491610195' 'present']
 ['5' '222.57484168619587' 'marauded']
 ['5' '230.3996256377648' 'present']
 ['5' '232.25006620267789' 'present']
 ['7' '237.26740672331283' 'present']
 ['5' '240.15393106643216' 'present']
 ['5' '248.0209785098311' 'present']
 ['5' '250.6917898475591' 'present']
 ['5' '272.17422154325385' 'present']
 ['19' '279.7977806105834' 'present']
 ['5' '283.8697795685632' 'marauded']
 ['7' '300.866961594203' 'present']
 ['7' '325.84220976372495' 'present']
 ['5' '329.48314785816183' 'present']
 ['21' '355.3633462178038' 'present']
 ['7' '358.07950357670745' 'present']]","[['F178' '34.31253970406179' 'mated']
 ['F170' '75.99593871295825' 'mated']
 ['F76' '77.37126833752609' 'mated']
 ['F143' '137.93938017328512' 'mated']
 ['F137' '141.49935193389672' 'absent']
 ['F33' '158.29075620899746' 'mated']
 ['F59' '171.32820896165953' 'absent']
 ['F34' '189.42648596938398' 'absent']
 ['F102' '190.9797383391645' 'mated']
 ['F204' '191.76074851920168' 'mated']
 ['F58' '192.25978650349637' 'mated']
 ['F3' '223.05320531431624' 'absentdestroyed']
 ['F155' '245.66971476903532' 'mated']
 ['F97' '249.00321771208658' 'absent']
 ['F134' '297.8013350710625' 'mated']
 ['F190' '320.5264538906832' 'mated']
 ['F98' '340.8128318250898' 'absent']
 ['F120' '345.48855872953095' 'mated']]",500.0,0.0,562.0,72.94358764432762,15.664197530513741,1523.0,257.8506275908785,55.16236446781898,146.0,24.411505782849783,5.07935693826126,18.0,1.8000000000000005,0.1800000000000001,103.0,3.082783364908219,0.09805812757201637
5,0.054,10,360.40765196859223,"[['23' '3.6795372336550893' 'marauded']
 ['4' '16.81907903885852' 'present']
 ['19' '16.9271227523475' 'present']
 ['12' '17.048450367383385' 'present']
 ['19' '22.398947778896954' 'present']
 ['19' '31.537885310016225' 'marauded']
 ['4' '32.53220726768086' 'presentdestroyed']
 ['19' '39.22502731773622' 'present']
 ['0' '39.76420243023741' 'present']
 ['19' '55.4540940101997' 'present']
 ['9' '60.03460341417719' 'marauded']
 ['0' '61.208821075996426' 'destroyed']
 ['0' '61.60840152311185' 'presentdestroyed']
 ['4' '77.65971594134008' 'present']
 ['0' '80.48257212740538' 'present']
 ['2' '96.31692196944914' 'marauded']
 ['23' '113.0605372311403' 'present']
 ['9' '115.03647608965426' 'marauded']
 ['4' '115.32134133095775' 'destroyed']
 ['12' '117.17302153491259' 'presentdestroyed']
 ['0' '121.7418093616771' 'presentdestroyed']
 ['18' '122.00099346613686' 'presentdestroyed']
 ['0' '127.2617778108584' 'present']
 ['19' '132.70806310290607' 'present']
 ['19' '146.01460392283988' 'present']
 ['4' '146.38185896377465' 'present']
 ['2' '146.9495400896313' 'present']
 ['2' '148.17446906021976' 'marauded']
 ['2' '152.293523294865' 'presentdestroyed']
 ['19' '154.0890684025918' 'presentdestroyed']
 ['2' '164.8829883686718' 'present']
 ['19' '167.4952222084252' 'marauded']
 ['2' '173.66721818461508' 'presentdestroyed']
 ['4' '178.06743243762443' 'present']
 ['19' '178.78825197348309' 'marauded']
 ['2' '180.98403887455518' 'presentdestroyed']
 ['0' '184.6516607877187' 'presentdestroyed']
 ['0' '188.37775194389934' 'present']
 ['2' '192.25927485857895' 'present']
 ['2' '199.9479568636557' 'present']
 ['2' '203.03675590697816' 'present']
 ['0' '211.77274132353662' 'present']
 ['0' '222.4611698948201' 'present']
 ['0' '223.1015869774338' 'present']
 ['3' '227.99270083265094' 'present']
 ['2' '229.2972138847221' 'present']
 ['0' '235.97729043275322' 'present']
 ['19' '255.45538847073317' 'present']
 ['2' '257.1445028230952' 'present']
 ['2' '257.76786296321916' 'marauded']
 ['0' '260.97309633339216' 'destroyed']
 ['0' '273.525413794254' 'marauded']
 ['0' '274.02671168498483' 'destroyed']
 ['19' '274.6654294622666' 'destroyed']
 ['0' '275.47438669227176' 'presentdestroyed']
 ['2' '283.197558238646' 'present']
 ['9' '285.19929551651717' 'present']
 ['18' '299.4588533688139' 'present']
 ['0' '313.2050754039608' 'present']
 ['0' '329.2235279296946' 'present']
 ['4' '334.2597243337068' 'marauded']
 ['0' '344.7697683164877' 'present']
 ['0' '347.1856827455546' 'present']
 ['19' '348.3778278377581' 'present']]","[['F178' '34.296171491534324' 'absentdestroyed']
 ['F70' '104.20691433343863' 'mated']
 ['F30' '105.61991539743843' 'absent']
 ['F43' '122.86864369952391' 'destroyed']
 ['F43' '122.89179184767207' 'destroyed']
 ['F85' '123.59070337195054' 'mated']
 ['F23' '135.17516914065038' 'absent']
 ['F79' '141.30250409545422' 'mated']
 ['F137' '141.51572014642417' 'mated']
 ['F38' '141.5483495870059' 'mated']
 ['F24' '142.04782790611307' 'mated']
 ['F8' '150.4657946290132' 'destroyed']
 ['F59' '171.34457717418698' 'destroyed']
 ['F182' '186.5480653034696' 'absent']
 ['F148' '193.9801477105107' 'mated']
 ['F6' '200.90548458836173' 'mated']
 ['F135' '208.66123195873362' 'mated']
 ['F117' '215.50282512590007' 'absent']
 ['F83' '297.0519223691459' 'mated']
 ['F213' '331.1761931820287' 'absent']
 ['F98' '340.7964636125623' 'destroyed']]",500.0,500.0,571.0,72.76008407629794,14.546888817172762,1295.0,216.43011114659296,45.67213464325616,412.0,67.43932082664395,14.14422944538089,12.0,1.2,0.12000000000000005,84.0,2.398152177061861,0.07394547325102878
6,0.0,6,360.042948202691,"[['10' '0.4579825754293311' 'present']
 ['23' '0.7494084996769879' 'present']
 ['10' '5.481737879506063' 'present']
 ['22' '6.883312807803158' 'present']
 ['7' '11.623062051713738' 'present']
 ['22' '13.482108013512725' 'present']
 ['7' '16.483552317779655' 'present']
 ['22' '26.896076844907416' 'present']
 ['13' '30.578664527246175' 'present']
 ['10' '30.712177450465482' 'present']
 ['23' '33.91139109281335' 'marauded']
 ['17' '37.03856037700078' 'presentdestroyed']
 ['22' '38.70725087632107' 'presentdestroyed']
 ['23' '38.81025434916324' 'presentdestroyed']
 ['22' '47.637999665470204' 'present']
 ['10' '53.405632183437895' 'marauded']
 ['10' '59.562637935909635' 'presentdestroyed']
 ['23' '67.11626305417967' 'present']
 ['10' '70.19727775244142' 'present']
 ['7' '82.02053849639253' 'present']
 ['12' '82.34745251847959' 'present']
 ['23' '84.64719588201652' 'marauded']
 ['10' '93.97815432942194' 'present']
 ['10' '102.61045983755771' 'present']
 ['10' '107.74709062241133' 'present']
 ['10' '107.92324514945632' 'present']
 ['23' '111.42400322570002' 'present']
 ['19' '116.46459483399437' 'present']
 ['22' '118.41279710487653' 'present']
 ['23' '119.29119564407573' 'present']
 ['10' '123.71388946975745' 'marauded']
 ['10' '127.93095668623641' 'presentdestroyed']
 ['5' '130.24732225661216' 'destroyed']
 ['22' '130.35356559238025' 'destroyed']
 ['17' '136.60252336196262' 'present']
 ['10' '137.13950717218634' 'present']
 ['7' '153.2610770306092' 'present']
 ['23' '170.81985816727544' 'present']
 ['23' '172.4180359724451' 'present']
 ['7' '176.71631136991937' 'present']
 ['7' '176.89511807678335' 'marauded']
 ['10' '180.1197546690373' 'destroyed']
 ['22' '180.95111827410992' 'presentdestroyed']
 ['7' '187.03339647708756' 'present']
 ['7' '188.42874658134537' 'present']
 ['22' '190.68993762390264' 'present']
 ['10' '198.15817266416158' 'marauded']
 ['17' '199.54053549848027' 'presentdestroyed']
 ['18' '210.3205497503884' 'marauded']
 ['10' '230.05853995049873' 'marauded']
 ['23' '239.00431312269666' 'marauded']
 ['22' '246.98100148798585' 'present']
 ['23' '248.5902558810585' 'present']
 ['10' '261.5393083672249' 'present']
 ['10' '264.33856895933303' 'marauded']
 ['22' '266.5570882645093' 'presentdestroyed']
 ['22' '267.2891732604399' 'presentdestroyed']
 ['17' '268.6994795017779' 'presentdestroyed']
 ['22' '269.5860678897426' 'destroyed']
 ['23' '274.2439965798001' 'present']
 ['10' '280.4591628728998' 'present']
 ['10' '285.62896598384754' 'present']
 ['22' '291.7376855824857' 'present']
 ['23' '294.3260571240944' 'marauded']
 ['10' '295.2188253007788' 'presentdestroyed']
 ['13' '296.7985608298898' 'presentdestroyed']
 ['7' '301.38857909301237' 'presentdestroyed']
 ['10' '301.7991096803377' 'marauded']
 ['10' '302.78064400887394' 'destroyed']
 ['10' '304.06531284867106' 'presentdestroyed']
 ['10' '308.77311604856067' 'present']
 ['10' '308.7962641967088' 'present']
 ['10' '311.19235788387255' 'present']
 ['22' '315.288543545703' 'marauded']
 ['22' '316.607142676589' 'presentdestroyed']
 ['10' '319.5191545075608' 'presentdestroyed']
 ['22' '322.966143570055' 'present']
 ['22' '333.7960665606659' 'marauded']
 ['10' '335.3790341214328' 'presentdestroyed']
 ['22' '338.94425802716273' 'presentdestroyed']
 ['10' '348.2479690189316' 'marauded']
 ['10' '349.98922371105107' 'presentdestroyed']
 ['17' '356.3151492431542' 'present']]","[['F191' '110.68968007291554' 'absent']
 ['F42' '120.40471322640273' 'absent']
 ['F36' '145.4983231376653' 'mated']
 ['F28' '155.7072162723522' 'absent']
 ['F1' '168.39162406857395' 'mated']
 ['F199' '174.6399182208971' 'mated']
 ['F49' '198.73044701007836' 'destroyed']
 ['F113' '218.1432148506864' '']
 ['F56' '237.57348832674793' 'mated']
 ['F97' '249.02636586023473' 'absent']
 ['F162' '284.86130220259366' 'mated']
 ['F110' '294.2641959352033' 'absent']
 ['F51' '310.72247597002047' 'absent']
 ['F201' '315.7045153696034' 'destroyed']
 ['F139' '330.6091094682301' 'mated']]",500.0,1000.0,547.0,70.81454487095303,15.338208354095444,1179.0,197.92923270650712,42.369443052161934,534.0,91.306482189805,20.006079468628645,0.0,0.0,0.0,0.0,0.0,0.0
7,0.054,13,360.1438166048524,"[['3' '2.5509390520892774' 'present']
 ['4' '3.1954347472896036' 'present']
 ['0' '7.625371218144493' 'present']
 ['12' '10.074058676052973' 'present']
 ['23' '16.40964607310165' 'present']
 ['3' '18.007615033989655' 'present']
 ['13' '36.23444475599211' 'marauded']
 ['3' '40.68549278528895' 'presentdestroyed']
 ['22' '40.96943639971755' 'presentdestroyed']
 ['22' '42.166403111821275' 'presentdestroyed']
 ['22' '47.66594195207175' 'marauded']
 ['3' '52.931943180371455' 'presentdestroyed']
 ['18' '56.08811367011374' 'present']
 ['4' '56.404408971912396' 'marauded']
 ['18' '57.856730393679285' 'presentdestroyed']
 ['3' '69.58608728441733' 'present']
 ['4' '70.96412812582058' 'present']
 ['18' '73.26380563072027' 'present']
 ['9' '77.08615591354086' 'present']
 ['4' '81.347435226776' 'present']
 ['3' '84.247833325793' 'present']
 ['0' '84.6016151233539' 'marauded']
 ['3' '85.53692793684456' 'presentdestroyed']
 ['18' '87.42668823127318' 'presentdestroyed']
 ['4' '90.23090124730474' 'presentdestroyed']
 ['13' '90.74315420832949' 'presentdestroyed']
 ['4' '95.8947763761292' 'present']
 ['12' '112.32990453839244' 'present']
 ['4' '115.79173334496521' 'present']
 ['4' '116.91424114159378' 'present']
 ['18' '121.34673291393793' 'present']
 ['12' '122.02201516470758' 'present']
 ['4' '122.11469541389262' 'present']
 ['4' '123.88162998031454' 'marauded']
 ['4' '124.4348591943383' 'destroyed']
 ['4' '124.64406660924743' 'presentdestroyed']
 ['18' '125.10055756276937' 'presentdestroyed']
 ['4' '131.16960072298343' 'presentdestroyed']
 ['4' '140.8860521780401' 'present']
 ['12' '141.48022643306302' 'present']
 ['4' '142.74706223666902' 'present']
 ['13' '152.45357486906835' 'present']
 ['4' '158.91599515711962' 'marauded']
 ['4' '159.9957374494491' 'presentdestroyed']
 ['18' '162.14964551832725' 'destroyed']
 ['18' '164.63087417670613' 'destroyed']
 ['22' '182.06702579472224' 'present']
 ['12' '186.15721896265404' 'present']
 ['3' '193.1083635910266' 'marauded']
 ['4' '206.6509790004566' 'present']
 ['3' '209.21228155924447' 'present']
 ['3' '218.91481200292608' 'marauded']
 ['4' '220.10702704350493' 'presentdestroyed']
 ['13' '225.21814284794513' 'presentdestroyed']
 ['18' '226.62255366863624' 'present']
 ['18' '227.90353763385093' 'present']
 ['3' '230.97285338501837' 'present']
 ['18' '231.12533016008726' 'present']
 ['18' '233.62159244136498' 'present']
 ['4' '234.36310641638025' 'present']
 ['4' '235.6116628000735' 'present']
 ['18' '235.65062692892786' 'present']
 ['18' '242.85880956504917' 'present']
 ['22' '249.11311552447316' 'present']
 ['18' '251.73462037923628' 'marauded']
 ['4' '256.3115510044837' 'destroyed']
 ['18' '257.41478880797945' 'presentdestroyed']
 ['22' '258.3951524459916' 'presentdestroyed']
 ['18' '273.19272986893816' 'present']
 ['13' '277.198083257838' 'present']
 ['18' '278.91911562134794' 'present']
 ['22' '289.5544801797646' 'present']
 ['13' '293.23626067158426' 'present']
 ['23' '298.03657479214013' 'present']
 ['3' '302.7659469562673' 'marauded']
 ['13' '306.42734862122853' 'presentdestroyed']
 ['4' '308.41319099536213' 'presentdestroyed']
 ['4' '310.56399487390325' 'present']
 ['3' '312.92150024039205' 'present']
 ['13' '315.37999751323144' 'present']
 ['3' '321.7982577028395' 'present']
 ['3' '330.5832121893358' 'marauded']
 ['23' '343.46884867720956' 'present']
 ['0' '347.60165885752065' 'present']
 ['18' '352.8876738640363' 'present']
 ['13' '358.7930454298184' 'marauded']]","[['F142' '30.064821208169857' 'mated']
 ['F40' '40.72128914520828' 'absentdestroyed']
 ['F69' '72.53256216666296' 'mated']
 ['F114' '73.87926186795738' 'mated']
 ['F153' '84.72827736139445' 'destroyed']
 ['F181' '110.58007068553323' 'mated']
 ['F166' '113.37321018985297' 'mated']
 ['F125' '148.92605218631266' 'absent']
 ['F147' '149.4926054798604' 'mated']
 ['F172' '156.07703848805807' 'mated']
 ['F33' '158.2791821349234' 'absent']
 ['F52' '165.01721576847754' 'destroyed']
 ['F50' '189.40883204389704' 'absent']
 ['F56' '237.56191425267386' 'absent']
 ['F4' '240.37958311451' 'mated']
 ['F208' '241.39013021080424' 'mated']
 ['F97' '249.01479178616066' 'absent']
 ['F80' '255.04968998981306' 'absentdestroyed']
 ['F128' '267.0452349569149' 'mated']
 ['F17' '280.50469917538743' 'mated']
 ['F51' '310.66659139681735' 'absent']
 ['F100' '310.95493825128585' 'mated']
 ['F201' '315.7160894436775' 'mated']]",500.0,1500.0,555.0,72.23061102910503,15.34012733152467,1298.0,216.93328265051673,45.55314094477643,398.0,68.29300463134578,14.681108603069607,10.0,0.9999999999999999,0.10000000000000003,61.0,1.6020053408790949,0.04447445130315499
8,0.0,19,360.0528898376182,"[['23' '0.9987956359216054' 'present']
 ['23' '10.753075431551105' 'present']
 ['0' '22.867366745276318' 'present']
 ['17' '24.218342242342622' 'marauded']
 ['17' '44.02847930030734' 'present']
 ['5' '44.701085857403775' 'present']
 ['7' '46.073351485117094' 'marauded']
 ['5' '49.00243170860753' 'destroyed']
 ['5' '73.58984590305421' 'present']
 ['18' '76.39598838613409' 'present']
 ['18' '81.6642663208897' 'present']
 ['12' '85.59891126424353' 'present']
 ['12' '92.7769677187263' 'present']
 ['17' '103.61465781447144' 'present']
 ['17' '107.67820530153597' 'marauded']
 ['5' '112.68341338196905' 'presentdestroyed']
 ['5' '123.25426645988762' 'present']
 ['18' '127.75849235959795' 'marauded']
 ['17' '128.06382048208673' 'presentdestroyed']
 ['12' '132.68367503729033' 'destroyed']
 ['23' '150.24749856691474' 'present']
 ['18' '150.94274352754599' 'present']
 ['18' '155.9159615013934' 'present']
 ['5' '161.035151621118' 'present']
 ['12' '190.45793081144404' 'present']
 ['5' '191.51651766901486' 'present']
 ['5' '192.19372429508812' 'present']
 ['9' '193.53858584286792' 'present']
 ['13' '202.362283385085' 'present']
 ['5' '203.49850773783618' 'marauded']
 ['12' '215.6991174599875' 'present']
 ['5' '227.26467458983691' 'present']
 ['17' '242.87989038298755' 'marauded']
 ['5' '245.00629733792934' 'presentdestroyed']
 ['23' '265.29158903184356' 'present']
 ['23' '274.02649030652094' 'marauded']
 ['12' '280.2404676378773' 'presentdestroyed']
 ['16' '287.5836822488548' 'marauded']
 ['5' '290.24630238542545' 'presentdestroyed']
 ['18' '292.6444131766336' 'presentdestroyed']
 ['5' '302.92621615799175' 'present']
 ['18' '304.73449961254124' 'present']
 ['5' '306.083157315684' 'present']
 ['18' '306.7945799373448' 'present']
 ['12' '318.9955623916818' 'marauded']
 ['23' '342.4636070675655' 'present']
 ['17' '351.78242590882314' 'present']]","[['F127' '31.431605290534687' 'absentdestroyed']
 ['F178' '34.28459741746025' 'absent']
 ['F53' '98.89491233117064' 'absent']
 ['F151' '99.71252160113619' 'mated']
 ['F21' '100.84201052594771' 'mated']
 ['F123' '102.24979954417078' 'mated']
 ['F30' '105.63148947151251' 'mated']
 ['F91' '142.2668084000997' 'mated']
 ['F57' '145.60088873070094' 'mated']
 ['F8' '150.47736870308728' 'mated']
 ['F164' '160.3155297884646' 'mated']
 ['F118' '161.77495176928107' 'mated']
 ['F72' '173.58407770723346' 'mated']
 ['F158' '182.8985706713237' 'mated']
 ['F200' '186.3187696733479' 'mated']
 ['F50' '189.4319801920452' 'mated']
 ['F68' '190.23062269754035' 'mated']
 ['F73' '215.76702322787634' 'mated']
 ['F184' '216.7362309955516' 'mated']
 ['F163' '236.41579655078584' 'mated']
 ['F167' '237.5323115616619' 'mated']
 ['F37' '313.72924664627686' 'mated']]",1000.0,0.0,554.0,70.05040262366434,14.1397878002339,1394.0,235.5915857208855,50.39205107348509,339.0,54.539576497231245,11.45696643275032,0.0,0.0,0.0,0.0,0.0,0.0
9,0.054,6,360.6642936612662,"[['3' '1.5671374721068554' 'present']
 ['12' '8.952517233157266' 'present']
 ['13' '12.310682534868814' 'present']
 ['13' '12.333830683016963' 'present']
 ['3' '13.222914275674352' 'marauded']
 ['19' '15.663867365168544' 'presentdestroyed']
 ['0' '21.58393200634152' 'marauded']
 ['13' '33.457430068841454' 'present']
 ['13' '36.64496827713426' 'present']
 ['3' '44.34146136186676' 'present']
 ['3' '60.0915310221899' 'marauded']
 ['13' '66.60542703116839' 'presentdestroyed']
 ['0' '109.8602703782128' 'present']
 ['13' '110.90226404832393' 'present']
 ['0' '121.14166432611404' 'present']
 ['3' '164.8975105289648' 'marauded']
 ['13' '185.2392934476745' 'present']
 ['13' '191.01955775386813' 'present']
 ['3' '209.72343937827273' 'present']
 ['13' '210.84733729524265' 'present']
 ['4' '212.85581530925788' 'present']
 ['13' '227.33286789801082' 'present']
 ['13' '237.85208594393546' 'present']
 ['0' '238.36838395804648' 'present']
 ['13' '248.69589783198944' 'present']
 ['13' '261.2353518843305' 'present']
 ['3' '262.219052151635' 'present']
 ['3' '303.7128462290954' 'marauded']
 ['0' '313.23301769056235' 'marauded']
 ['13' '319.36547578361785' 'destroyed']
 ['13' '320.11541486163713' 'destroyed']
 ['18' '347.24642614710297' 'marauded']
 ['0' '358.6268023633985' 'present']]","[['F22' '33.89462968187431' 'mated']
 ['F152' '51.18483635320345' 'absent']
 ['F67' '66.96110748392118' 'absentdestroyed']
 ['F86' '94.5328296530866' 'absent']
 ['F38' '141.5088332263303' 'absent']
 ['F125' '148.9519326027189' 'mated']
 ['F59' '171.3725194607885' 'destroyed']
 ['F210' '194.3686588707872' 'mated']
 ['F25' '204.95379958232238' 'mated']
 ['F215' '249.80538888937622' 'mated']
 ['F175' '276.55231100266633' 'mated']
 ['F17' '280.4672446849071' 'absent']
 ['F37' '313.7060984981287' 'destroyed']]",1000.0,500.0,568.0,73.55679324492172,15.600328654280071,1408.0,239.95245357776264,51.31694914641036,273.0,42.66465021637447,8.589063065900113,13.0,1.3,0.13000000000000006,90.0,2.579365767912468,0.08091135116598074
10,0.054,13,360.4708038434036,"[['23' '10.795324060484818' 'present']
 ['17' '26.989913865211236' 'present']
 ['16' '27.350783545701745' 'present']
 ['16' '64.83932126661345' 'present']
 ['17' '73.5512835588078' 'marauded']
 ['16' '86.31181226136391' 'marauded']
 ['17' '101.80111206453924' 'present']
 ['16' '103.1231308038343' 'present']
 ['17' '112.48130175517014' 'marauded']
 ['16' '126.47904560565958' 'present']
 ['13' '136.6287104081268' 'present']
 ['17' '149.82934059899895' 'present']
 ['16' '181.3591510870501' 'present']
 ['12' '189.00406797450702' 'marauded']
 ['17' '191.86884048408098' 'presentdestroyed']
 ['17' '201.4134847240486' 'present']
 ['16' '202.33391836850905' 'present']
 ['17' '204.1869340950058' 'present']
 ['17' '222.6777287881299' 'marauded']
 ['17' '225.18029659761862' 'presentdestroyed']
 ['17' '229.92981678124735' 'present']
 ['16' '231.07403230369283' 'marauded']
 ['17' '231.15151213353275' 'destroyed']
 ['17' '232.37071945946357' 'presentdestroyed']
 ['17' '232.72523184013374' 'presentdestroyed']
 ['17' '236.2928267407272' 'destroyed']
 ['23' '242.0210621321818' 'present']
 ['17' '245.93397946598233' 'present']
 ['16' '246.0511581884126' 'present']
 ['17' '251.9806696906498' 'present']
 ['16' '288.91652091892246' 'present']
 ['17' '329.0054358007891' 'present']
 ['12' '349.0091976507465' 'present']]","[['F156' '25.54369409239271' 'mated']
 ['F111' '43.51154487964362' 'mated']
 ['F197' '116.97529611136696' 'destroyed']
 ['F160' '134.57137193314358' 'mated']
 ['F115' '140.46355719716306' 'mated']
 ['F28' '155.69564219827814' 'absent']
 ['F29' '168.166528549918' 'mated']
 ['F209' '168.503016028267' 'mated']
 ['F171' '192.01466611746315' 'destroyed']
 ['F27' '199.91920695606916' 'mated']
 ['F113' '218.15478892476048' 'mated']
 ['F144' '222.92951872435373' 'destroyed']
 ['F112' '237.67284950756886' 'destroyed']
 ['F105' '256.58711288051916' 'mated']
 ['F55' '269.8020642396273' 'mated']
 ['F165' '285.84863783183465' 'mated']
 ['F202' '302.3668690924458' 'mated']
 ['F140' '325.13539454707364' 'mated']]",1000.0,1000.0,582.0,70.87925553619803,14.215792667640144,1476.0,248.7615059040126,53.235352011017085,213.0,36.30261439527762,7.9235178588146535,18.0,1.8000000000000005,0.1800000000000001,86.0,2.389853902238429,0.07180212620027426
11,0.0,7,359.9618969248848,"[['5' '0.8808001225743503' 'present']
 ['2' '18.967473959445293' 'present']
 ['4' '25.091678147417976' 'present']
 ['2' '27.18449202216857' 'present']
 ['22' '37.43416166714369' 'present']
 ['2' '52.096591170422236' 'present']
 ['5' '54.20287564366324' 'present']
 ['4' '67.35352156405632' 'present']
 ['22' '67.36655821608133' 'present']
 ['22' '68.25536143430588' 'present']
 ['2' '93.70003606901378' 'marauded']
 ['22' '94.49339972855326' 'presentdestroyed']
 ['5' '94.68035761695306' 'destroyed']
 ['2' '97.02739160743835' 'presentdestroyed']
 ['2' '136.12021897724335' 'present']
 ['5' '136.17163122126692' 'present']
 ['16' '140.78881643517943' 'present']
 ['3' '148.98874162975218' 'present']
 ['3' '153.63453780986345' 'present']
 ['16' '172.5988002432997' 'present']
 ['3' '183.3760682849256' 'marauded']
 ['22' '185.22837142379583' 'presentdestroyed']
 ['2' '198.05059295627117' 'present']
 ['2' '198.8441068493274' 'present']
 ['2' '199.80556745572153' 'present']
 ['16' '202.36665479356395' 'present']
 ['5' '203.2120220035964' 'present']
 ['3' '232.83653220830368' 'present']
 ['16' '254.70059972652055' 'present']
 ['22' '263.8078739408742' 'present']
 ['16' '268.6632724798765' 'marauded']
 ['5' '270.4380785667775' 'presentdestroyed']
 ['2' '271.05581957655545' 'presentdestroyed']
 ['3' '271.4701995452659' 'destroyed']
 ['16' '287.05190369369956' 'present']
 ['2' '294.66296684024996' 'present']
 ['5' '294.7844720251767' 'present']
 ['5' '295.59797322128884' 'present']
 ['2' '296.04721735525186' 'marauded']
 ['2' '301.29603952460025' 'presentdestroyed']
 ['3' '307.87952804711165' 'marauded']
 ['3' '314.1611980660648' 'presentdestroyed']
 ['2' '315.0998484804174' 'present']
 ['22' '328.7019931065634' 'present']
 ['16' '330.12565752286037' 'present']
 ['16' '333.3411211180503' 'present']
 ['21' '333.5154951327797' 'present']
 ['3' '343.7881319926695' 'present']
 ['2' '352.6924034001362' 'present']]","[['F40' '40.672260580653884' 'absent']
 ['F40' '40.695408728802036' 'absent']
 ['F86' '94.57507828202031' 'destroyed']
 ['F7' '112.56653010066552' 'mated']
 ['F133' '138.56047322993354' 'absent']
 ['F87' '145.65816814270588' 'mated']
 ['F59' '183.4236098955382' 'absentdestroyed']
 ['F34' '189.4523663857902' 'destroyed']
 ['F135' '208.64486374620617' 'absent']
 ['F168' '208.96141317196376' 'mated']
 ['F174' '216.12416658324358' 'mated']
 ['F95' '238.6180224801006' 'mated']
 ['F16' '261.4636199344584' 'mated']
 ['F90' '268.7171557342309' 'destroyed']
 ['F51' '310.6945336834189' 'destroyed']
 ['F139' '330.58116718162853' 'absent']
 ['F213' '331.1925613945562' 'mated']]",1000.0,1500.0,577.0,72.3905440702406,15.013752224755374,1562.0,257.2099727587672,54.8800526848474,188.0,30.512471520112868,6.45632159164339,0.0,0.0,0.0,0.0,0.0,0.0
12,0.054,14,360.58574417309234,"[['21' '1.510615279239926' 'present']
 ['23' '11.634875245773298' 'present']
 ['7' '13.844723950436643' 'present']
 ['22' '15.661355472606468' 'present']
 ['10' '15.703001348742205' 'present']
 ['2' '33.28917597902988' 'present']
 ['21' '47.31000943515756' 'present']
 ['22' '66.25923647034435' 'marauded']
 ['7' '68.77265967449883' 'presentdestroyed']
 ['13' '71.83608253698775' 'presentdestroyed']
 ['21' '76.31227958416294' 'present']
 ['2' '80.0419014713047' 'present']
 ['21' '90.50693373979996' 'present']
 ['21' '99.66369975330525' 'present']
 ['22' '103.60764524046989' 'present']
 ['21' '106.25763451759055' 'present']
 ['13' '110.98633339022298' 'present']
 ['10' '123.32983768582466' 'marauded']
 ['22' '124.45974916681104' 'destroyed']
 ['22' '127.37672178732701' 'presentdestroyed']
 ['2' '142.0472260111306' 'present']
 ['13' '145.84645562426684' 'present']
 ['13' '146.87962439751635' 'present']
 ['22' '149.19791430180226' 'present']
 ['22' '152.38288834711787' 'present']
 ['22' '194.61571822624032' 'present']
 ['13' '200.1268361738265' 'present']
 ['13' '200.64580407236556' 'present']
 ['13' '206.18081555267864' 'present']
 ['22' '207.70182523225398' 'marauded']
 ['22' '208.13796832510926' 'presentdestroyed']
 ['7' '209.93052262950042' 'presentdestroyed']
 ['21' '214.6188278235334' 'presentdestroyed']
 ['7' '217.7083418879961' 'present']
 ['22' '222.08496473253152' 'present']
 ['22' '223.98515650756306' 'present']
 ['2' '233.59509872262691' 'marauded']
 ['22' '238.72427837101824' 'presentdestroyed']
 ['22' '239.1430388318014' 'presentdestroyed']
 ['7' '243.36953017066696' 'present']
 ['22' '255.88723285653995' 'present']
 ['22' '265.73832329768584' 'present']
 ['7' '265.9182320119749' 'marauded']
 ['2' '269.7972979702496' 'presentdestroyed']
 ['7' '277.3919043916183' 'present']
 ['22' '286.2900280785843' 'present']
 ['7' '287.6233661421318' 'present']
 ['13' '295.2974903298699' 'present']
 ['21' '299.6839966997399' 'present']
 ['13' '301.1801425240461' 'present']
 ['2' '320.4291395198903' 'present']
 ['23' '328.7985308385121' 'present']
 ['22' '340.1440538483174' 'marauded']
 ['22' '349.9578664888766' 'present']
 ['2' '357.9738690058219' 'present']]","[['F86' '94.59822643016847' 'mated']
 ['F53' '98.90648640524472' 'mated']
 ['F39' '104.15927394229891' 'mated']
 ['F191' '110.71282822106369' 'mated']
 ['F96' '131.98190925825122' 'mated']
 ['F19' '135.22266136960525' 'mated']
 ['F179' '156.54711576903009' 'mated']
 ['F180' '175.08900957093323' 'mated']
 ['F59' '183.44675804368634' 'mated']
 ['F157' '204.64580789633052' 'mated']
 ['F184' '216.72465692147753' 'absent']
 ['F195' '225.61091628608983' 'mated']
 ['F74' '243.87690247134316' 'mated']
 ['F62' '267.7290782677695' 'absentdestroyed']
 ['F20' '273.99364239246773' 'mated']
 ['F145' '297.5255031343946' 'mated']]",1500.0,0.0,574.0,68.80773069919263,13.712609579079599,1466.0,251.4913077669845,54.79038448149261,214.0,36.71253174911829,7.993797068089015,10.0,0.9999999999999999,0.10000000000000003,70.0,1.995726799495881,0.06269290123456785
13,0.054,7,360.39138421626996,"[['9' '0.7376952095819201' 'marauded']
 ['9' '3.4231614185858334' 'presentdestroyed']
 ['9' '5.802622745665957' 'presentdestroyed']
 ['9' '8.996928826675216' 'present']
 ['9' '9.433106945532636' 'present']
 ['12' '10.74846998947819' 'present']
 ['3' '17.979672747388115' 'present']
 ['9' '32.03775330879554' 'present']
 ['18' '38.836966508147185' 'marauded']
 ['12' '40.00115649786289' 'presentdestroyed']
 ['9' '40.41033255641636' 'presentdestroyed']
 ['9' '48.56258784593318' 'present']
 ['9' '50.652509040237206' 'present']
 ['9' '54.767947023180845' 'present']
 ['9' '55.930969288629235' 'present']
 ['9' '55.95411743677739' 'marauded']
 ['3' '59.42471914398591' 'presentdestroyed']
 ['7' '68.0715108093997' 'present']
 ['12' '75.72814396399095' 'marauded']
 ['7' '82.04368664454068' 'presentdestroyed']
 ['21' '90.37948395158794' 'present']
 ['3' '96.75975354130085' 'present']
 ['18' '101.28321120123232' 'marauded']
 ['9' '104.86727672250353' 'presentdestroyed']
 ['18' '105.96978756533393' 'destroyed']
 ['9' '111.32941399735894' 'present']
 ['18' '118.46185361499073' 'present']
 ['9' '120.9289176583526' 'present']
 ['7' '121.54003243463897' 'present']
 ['9' '126.01871680735726' 'present']
 ['9' '137.48429073776185' 'marauded']
 ['21' '140.37985612118626' 'presentdestroyed']
 ['7' '141.93700438948986' 'presentdestroyed']
 ['9' '156.9671214060902' 'marauded']
 ['7' '157.6025405243749' 'presentdestroyed']
 ['18' '163.9763603400613' 'presentdestroyed']
 ['7' '171.00248149347001' 'marauded']
 ['18' '173.45055713727376' 'destroyed']
 ['9' '178.80358191729934' 'destroyed']
 ['12' '226.44299145855842' 'present']
 ['18' '231.1021820119391' 'present']
 ['12' '233.03329099691834' 'present']
 ['18' '233.59844429321683' 'present']
 ['3' '236.12124768147456' 'present']
 ['21' '236.53258020596436' 'present']
 ['3' '238.3456021395186' 'marauded']
 ['9' '238.7493071623676' 'presentdestroyed']
 ['18' '240.0977409739859' 'presentdestroyed']
 ['9' '252.98206650291485' 'present']
 ['12' '255.842864736176' 'present']
 ['9' '256.00455953034975' 'present']
 ['3' '264.57681770215754' 'present']
 ['9' '264.96179328523493' 'marauded']
 ['12' '265.62702014924014' 'presentdestroyed']
 ['9' '269.0339410350431' 'destroyed']
 ['3' '275.9476172985065' 'present']
 ['3' '283.0833122637568' 'present']
 ['12' '284.40569977051814' 'marauded']
 ['18' '290.21312646618634' 'presentdestroyed']
 ['3' '291.4215763603171' 'presentdestroyed']
 ['9' '292.9179488199207' 'present']
 ['21' '298.61687861682447' 'present']
 ['18' '307.0984428546127' 'marauded']
 ['12' '308.83301781027956' 'presentdestroyed']
 ['3' '318.0537852931662' 'present']
 ['9' '321.6247175448734' 'present']
 ['18' '325.6810455800365' 'present']
 ['9' '329.6008847401614' 'present']
 ['9' '332.6228880200177' 'marauded']
 ['18' '334.21973503798586' 'presentdestroyed']
 ['9' '340.99381147118396' 'present']
 ['9' '344.0153687808847' 'present']
 ['7' '349.57313445749725' 'marauded']
 ['7' '351.2162329892311' 'destroyed']
 ['21' '352.65648416977155' 'presentdestroyed']]","[['F63' '147.38787516119737' 'mated']
 ['F130' '151.081939863365' 'mated']
 ['F138' '160.89622414545545' 'absentdestroyed']
 ['F66' '165.99954767765766' 'mated']
 ['F59' '171.3840935348626' 'absentdestroyed']
 ['F173' '171.53293749056309' 'destroyed']
 ['F106' '181.0682150869428' 'mated']
 ['F88' '190.5739446351791' 'mated']
 ['F117' '215.5307674125016' 'absent']
 ['F112' '237.70558593262376' 'mated']
 ['F31' '303.278688043753' 'mated']]",1500.0,500.0,561.0,71.84018842722,15.668331672875025,1192.0,199.10599039474002,43.23194786217916,526.0,86.20901221873625,17.566706398180465,7.0,0.7,0.07,81.0,2.183847075002047,0.06269290123456785
14,0.0,8,360.2012129014441,"[['10' '9.893050297063278' 'present']
 ['4' '21.802479721984646' 'present']
 ['19' '32.68117294856232' 'marauded']
 ['4' '50.59810950684619' 'present']
 ['4' '97.687555819926' 'present']
 ['4' '121.55328338069714' 'present']
 ['4' '122.7375481586277' 'present']
 ['4' '131.7154898246666' 'marauded']
 ['19' '148.9251306077222' 'present']
 ['10' '159.55776203459234' 'present']
 ['19' '167.61837035657334' 'marauded']
 ['19' '179.32441237008214' 'marauded']
 ['4' '185.86802320584025' 'presentdestroyed']
 ['4' '196.07685515667708' 'present']
 ['19' '207.18621258083735' 'present']
 ['4' '213.2531273592992' 'marauded']
 ['4' '221.65712314428296' 'present']
 ['4' '232.46030425820055' 'present']
 ['19' '256.8825682155586' 'present']
 ['4' '260.17578904246477' 'present']
 ['4' '260.1989371906129' 'present']
 ['4' '265.96978684756203' 'present']
 ['19' '271.0644493192157' 'present']
 ['13' '294.581587216949' 'present']
 ['7' '299.383622181025' 'marauded']
 ['4' '299.9747143803756' 'presentdestroyed']
 ['4' '307.61844987769655' 'present']
 ['4' '313.5723579259517' 'present']
 ['4' '313.88974224511793' 'present']
 ['19' '314.875524947941' 'present']
 ['19' '329.188445430079' 'present']
 ['4' '339.9231914113379' 'present']
 ['4' '341.4153176585564' 'present']
 ['4' '343.4926419813107' 'marauded']
 ['19' '352.3558695809839' 'present']
 ['4' '357.8004869483977' 'present']]","[['F178' '34.27302334338617' 'destroyed']
 ['F48' '152.4363076534135' 'mated']
 ['F126' '153.2650311477548' 'absent']
 ['F185' '179.17379764262492' 'mated']
 ['F158' '182.88699659724963' 'absentdestroyed']
 ['F108' '209.79273085754656' 'mated']
 ['F81' '212.65764952161103' 'mated']
 ['F149' '228.5298532860278' 'mated']
 ['F54' '238.02542039199335' 'mated']
 ['F90' '268.74030388237907' 'mated']
 ['F150' '280.2285387146514' 'mated']
 ['F206' '299.97985144972006' 'destroyed']]",1500.0,1000.0,569.0,68.52497066540363,13.603824072081274,1470.0,248.74169640847737,52.82501388921488,251.0,42.77018771164285,9.210188749783942,0.0,0.0,0.0,0.0,0.0,0.0
15,0.0,2,360.623909070744,"[['4' '0.7995475779106469' 'present']
 ['4' '19.543277462379095' 'marauded']
 ['16' '52.29369797563782' 'present']
 ['4' '57.23064103938832' 'present']
 ['22' '78.80373714168074' 'present']
 ['4' '88.39653748018274' 'marauded']
 ['4' '96.63919976338302' 'present']
 ['18' '103.30277418562268' 'present']
 ['5' '105.76139624141472' 'present']
 ['4' '136.8628422486747' 'marauded']
 ['7' '158.31805116327632' 'present']
 ['2' '158.5429207561089' 'present']
 ['4' '217.59278029246664' 'present']
 ['4' '220.34628560924088' 'present']
 ['4' '236.49387230535464' 'marauded']
 ['4' '252.77688108874978' 'marauded']
 ['4' '271.8432630830194' 'present']
 ['4' '274.4433751643273' 'present']
 ['4' '276.029314388355' 'present']
 ['7' '297.265352326546' 'present']
 ['16' '306.3066183779429' 'present']
 ['4' '309.2711122998754' 'present']
 ['7' '322.3672992997293' 'present']
 ['7' '325.8701520503265' 'present']
 ['4' '332.1765366572768' 'present']
 ['18' '332.2030917894755' 'present']]","[['F93' '27.917730994622715' 'mated']
 ['F40' '40.73765735773575' 'absent']
 ['F203' '115.59977845655385' 'mated']
 ['F124' '122.93099432628266' 'absent']
 ['F204' '191.74438030667423' 'absent']
 ['F128' '267.02208680876674' 'absent']]",1500.0,1500.0,559.0,75.77396439480067,18.20849224319944,1498.0,254.1267450516045,54.8881536448202,181.0,30.362463954586318,6.412871233636141,0.0,0.0,0.0,0.0,0.0,0.0
16,0.054,9,360.0974981555445,"[['10' '2.325979671856286' 'present']
 ['18' '4.301308160120056' 'present']
 ['18' '5.98046251495016' 'present']
 ['21' '13.88510656695484' 'marauded']
 ['21' '26.826374008898288' 'present']
 ['18' '43.979113461729206' 'present']
 ['2' '59.87867804784015' 'present']
 ['19' '76.42018912551323' 'marauded']
 ['19' '80.49442669355278' 'presentdestroyed']
 ['18' '90.47400764548347' 'marauded']
 ['18' '99.70977527153958' 'present']
 ['9' '112.69322910453367' 'present']
 ['19' '119.6579968292216' 'present']
 ['10' '121.48508543319294' 'present']
 ['21' '135.97889978158722' 'present']
 ['10' '140.1681222068847' 'present']
 ['19' '148.89718832112067' 'present']
 ['18' '171.32814852509776' 'present']
 ['18' '171.3512966732459' 'present']
 ['21' '179.03208465830232' 'present']
 ['10' '183.96240259969278' 'present']
 ['21' '230.40149400229149' 'present']
 ['18' '241.0586793325963' 'present']
 ['2' '247.95680644585238' 'present']
 ['10' '249.13095622704458' 'present']
 ['19' '251.15142516560704' 'present']
 ['18' '253.6915880111939' 'present']
 ['10' '262.4155443273803' 'present']
 ['10' '275.6068570542582' 'present']
 ['18' '277.52936843213075' 'marauded']
 ['10' '298.6665138352843' 'present']
 ['2' '309.3014014189168' 'present']
 ['10' '312.6573158182854' 'present']
 ['21' '323.7565830579116' 'present']
 ['19' '332.41826998487386' 'present']
 ['21' '333.1538455989722' 'present']
 ['18' '342.9104995368664' 'marauded']
 ['21' '344.2472491943918' 'presentdestroyed']
 ['10' '358.78793308416317' 'present']]","[['F154' '50.8039852851071' 'mated']
 ['F86' '94.55871006949285' 'destroyed']
 ['F161' '131.45768330300274' 'mated']
 ['F59' '183.40724168301074' 'absent']
 ['F71' '197.87978050870694' 'mated']
 ['F18' '218.27149788692327' 'mated']
 ['F61' '221.58107255669347' 'mated']
 ['F144' '222.94588693688118' 'mated']
 ['F5' '272.5518298606353' 'mated']
 ['F98' '340.84556825014477' 'mated']
 ['F196' '352.8920905817237' 'mated']]",2000.0,0.0,563.0,71.04108625041376,13.838713932873707,1533.0,255.1462997924117,53.80589044744131,184.0,30.41255795413815,6.539038017833792,13.0,1.3,0.13000000000000006,78.0,2.2063138052908693,0.06697959533607678
17,0.054,6,360.1765210863901,"[['10' '0.011574074074074073' 'present']
 ['0' '1.9104765584389145' 'marauded']
 ['0' '2.7865923261314234' 'presentdestroyed']
 ['23' '45.73090184399018' 'present']
 ['23' '54.81244156688043' 'marauded']
 ['0' '61.23196922414458' 'presentdestroyed']
 ['23' '77.18028668567105' 'marauded']
 ['23' '78.29292551289181' 'presentdestroyed']
 ['23' '79.78378041293786' 'presentdestroyed']
 ['23' '86.82357849118668' 'present']
 ['23' '87.74185351423023' 'present']
 ['0' '92.85706640111671' 'present']
 ['0' '97.02751207514261' 'present']
 ['10' '105.74111257012862' 'present']
 ['22' '117.81174505556436' 'present']
 ['23' '142.54353924005162' 'present']
 ['22' '147.17150244907054' 'present']
 ['0' '147.91400923001908' 'present']
 ['10' '152.78524938502397' 'present']
 ['10' '156.09017463047272' 'present']
 ['10' '157.37189584887247' 'marauded']
 ['10' '162.369867328309' 'destroyed']
 ['10' '162.94115717905683' 'presentdestroyed']
 ['23' '168.36075827802105' 'marauded']
 ['10' '178.99942100441345' 'present']
 ['0' '180.69031204665853' 'present']
 ['10' '181.45679447081864' 'marauded']
 ['23' '190.91862143039796' 'present']
 ['23' '200.25243931952147' 'present']
 ['0' '201.74281906839238' 'present']
 ['23' '207.55549931719085' 'present']
 ['10' '211.19746838498128' 'marauded']
 ['0' '211.72644502724032' 'presentdestroyed']
 ['10' '212.83702270901827' 'presentdestroyed']
 ['0' '214.22070197221151' 'presentdestroyed']
 ['0' '228.2467411641883' 'present']
 ['10' '230.72776071852635' 'present']
 ['23' '232.58496327758593' 'present']
 ['0' '233.634742654655' 'present']
 ['10' '244.11770728621687' 'present']
 ['10' '248.1740082177686' 'present']
 ['0' '250.23877727138614' 'present']
 ['10' '256.27177411623074' 'present']
 ['10' '256.62763411381695' 'present']
 ['10' '259.00141158979034' 'present']
 ['22' '260.55009104162684' 'marauded']
 ['23' '261.4229458404218' 'presentdestroyed']
 ['10' '263.8381458445625' 'destroyed']
 ['10' '264.09413435551943' 'presentdestroyed']
 ['10' '272.73415693374136' 'marauded']
 ['10' '276.8813339688015' 'destroyed']
 ['0' '279.15591360584284' 'presentdestroyed']
 ['23' '282.73679869405294' 'present']
 ['0' '283.45039247957146' 'present']
 ['10' '289.91854815409874' 'present']
 ['10' '299.34133159521946' 'marauded']
 ['0' '314.03349077614826' 'present']
 ['0' '316.38713567008995' 'present']
 ['0' '316.9252831276952' 'present']
 ['23' '318.10684076640246' 'marauded']
 ['23' '328.8809767245388' 'present']
 ['10' '330.03303428008195' 'present']
 ['0' '331.74960559519064' 'marauded']
 ['0' '338.4141232211488' 'presentdestroyed']
 ['22' '340.39995957563696' 'present']
 ['22' '340.7073618188896' 'present']
 ['0' '342.41568513564414' 'marauded']
 ['0' '345.5722287528283' 'destroyed']
 ['23' '346.44127972217916' 'presentdestroyed']
 ['23' '354.13152789169084' 'present']]","[['F9' '61.63413661571401' 'absentdestroyed']
 ['F197' '116.98687018544103' 'mated']
 ['F115' '140.45198312308898' 'absent']
 ['F118' '161.75858355675362' 'destroyed']
 ['F209' '168.49144195419294' 'destroyed']
 ['F171' '192.02624019153723' 'mated']
 ['F205' '209.25573582001152' 'mated']
 ['F113' '218.11527256408488' 'destroyed']
 ['F144' '222.91794465027965' 'absent']
 ['F131' '231.36882221313883' 'absent']
 ['F101' '250.7111054302025' 'mated']
 ['F65' '297.654446920915' 'mated']
 ['F14' '328.2877031124018' 'mated']]",2000.0,500.0,566.0,69.73063442208425,14.012893012137672,1257.0,208.3412623321784,44.118681406987875,453.0,79.33376775492003,17.421104066771356,10.0,0.9999999999999999,0.10000000000000003,60.0,1.6180438642734176,0.04715363511659806
18,0.054,13,359.8545253277242,"[['7' '0.7055969467840892' 'present']
 ['16' '0.8321193409068165' 'present']
 ['16' '8.817075054868193' 'marauded']
 ['3' '12.365083194262763' 'presentdestroyed']
 ['3' '22.244237092198865' 'marauded']
 ['3' '24.544750961206187' 'presentdestroyed']
 ['7' '25.294569979088145' 'presentdestroyed']
 ['5' '27.551451914340955' 'presentdestroyed']
 ['16' '27.7668430886549' 'destroyed']
 ['16' '34.34621250375398' 'present']
 ['3' '41.57580495273893' 'present']
 ['21' '43.663504309954845' 'present']
 ['3' '46.523411549336224' 'marauded']
 ['16' '48.36905063287308' 'presentdestroyed']
 ['3' '50.45339188592455' 'presentdestroyed']
 ['3' '54.546412408817076' 'present']
 ['13' '63.865842817687366' 'present']
 ['7' '64.53170036243547' 'marauded']
 ['13' '65.19003677305966' 'presentdestroyed']
 ['21' '65.50942423630104' 'presentdestroyed']
 ['13' '68.2748817695187' 'presentdestroyed']
 ['21' '68.87231677853376' 'presentdestroyed']
 ['21' '82.71277834944915' 'present']
 ['13' '85.61898849226517' 'present']
 ['13' '88.83468836616186' 'present']
 ['21' '96.91868218386924' 'present']
 ['13' '100.15500564684847' 'present']
 ['16' '104.35916235407035' 'present']
 ['5' '105.719147612481' 'present']
 ['16' '106.53948600599124' 'present']
 ['5' '106.54797982774468' 'present']
 ['16' '108.08591562638816' 'present']
 ['21' '111.42687326651244' 'present']
 ['13' '113.24764773998048' 'present']
 ['9' '118.85804106384896' 'present']
 ['3' '123.06074719464554' 'present']
 ['3' '123.45360388784457' 'present']
 ['13' '126.60714266368265' 'present']
 ['16' '128.06663137546508' 'marauded']
 ['16' '150.66030080481212' 'present']
 ['21' '157.5331693604702' 'present']
 ['16' '164.1553790596807' 'present']
 ['21' '172.32395724534862' 'present']
 ['7' '179.19257275269283' 'present']
 ['16' '183.41099662424875' 'present']
 ['13' '184.75282611776248' 'marauded']
 ['3' '186.84916841300895' 'presentdestroyed']
 ['13' '191.59905441547144' 'destroyed']
 ['13' '193.13276673016225' 'marauded']
 ['16' '200.59285307109818' 'marauded']
 ['7' '203.86016096970994' 'presentdestroyed']
 ['3' '205.04267267265817' 'presentdestroyed']
 ['13' '206.54845035918362' 'destroyed']
 ['21' '210.4840278446851' 'present']
 ['5' '213.39212974643917' 'marauded']
 ['3' '217.1240125378875' 'presentdestroyed']
 ['16' '221.16792763603132' 'present']
 ['16' '223.86985321583447' 'present']
 ['3' '223.88580732016848' 'present']
 ['0' '226.06682114098126' 'present']
 ['3' '231.92309600031155' 'present']
 ['7' '240.9076230611122' 'present']
 ['3' '252.59721428835573' 'present']
 ['16' '254.67265743991902' 'present']
 ['16' '255.36252456483854' 'present']
 ['13' '264.1765152119903' 'marauded']
 ['16' '267.2705064990738' 'presentdestroyed']
 ['16' '269.2194073745376' 'presentdestroyed']
 ['13' '273.9131969452927' 'present']
 ['7' '295.353044728591' 'present']
 ['3' '318.5104863789297' 'present']
 ['0' '319.92840820516705' 'present']
 ['13' '320.3024703654774' 'present']
 ['7' '320.87852142692134' 'present']
 ['7' '324.25608851977245' 'present']
 ['0' '332.62379694083575' 'present']
 ['16' '357.7911853079528' 'marauded']]","[['F40' '52.749231431809825' 'absentdestroyed']
 ['F47' '54.54190942872988' '']
 ['F153' '84.73985143546852' 'mated']
 ['F46' '84.78760814847722' 'mated']
 ['F121' '87.75140008543157' 'mated']
 ['F99' '110.48192658081159' 'absent']
 ['F2' '111.12491432313851' 'mated']
 ['F124' '122.94256840035673' 'mated']
 ['F214' '152.99416665773575' 'mated']
 ['F138' '160.90779821952952' 'absent']
 ['F52' '165.02878984255162' 'mated']
 ['F173' '171.54451156463716' 'mated']
 ['F75' '172.25417601975812' 'mated']
 ['F182' '186.56443351599705' 'destroyed']
 ['F68' '190.2142544850129' 'destroyed']
 ['F71' '197.86820643463287' 'absentdestroyed']
 ['F117' '215.51919333842753' 'absentdestroyed']
 ['F211' '223.57583515257488' 'mated']
 ['F13' '245.8369994730688' 'mated']
 ['F84' '260.91662761122996' 'mated']
 ['F128' '267.0336608828408' 'destroyed']
 ['F177' '336.38031298840775' 'mated']]",2000.0,1000.0,571.0,69.64495812754528,14.621784644856985,1312.0,224.3031150790682,48.49739682279327,360.0,62.918252162082,13.677614733399077,13.0,1.3,0.13000000000000006,74.0,1.8837547129914518,0.05036865569272972
19,0.054,6,360.0843059691169,"[['0' '4.375405059790683' 'present']
 ['0' '4.8417838992358755' 'present']
 ['23' '5.028341824218' 'present']
 ['22' '10.16160374259764' 'present']
 ['2' '19.27633380169659' 'present']
 ['5' '22.78518337221' 'marauded']
 ['5' '29.837560981606494' 'destroyed']
 ['0' '43.14086758399715' 'marauded']
 ['0' '44.44030026884686' 'presentdestroyed']
 ['0' '48.20998525407324' 'destroyed']
 ['23' '48.84027754545831' 'presentdestroyed']
 ['4' '49.139678385238355' 'presentdestroyed']
 ['16' '59.34521918675683' 'present']
 ['23' '62.44375015285033' 'present']
 ['23' '63.36374626892867' 'present']
 ['23' '64.94811402583258' 'present']
 ['4' '80.5036286849301' 'marauded']
 ['23' '84.77513816861806' 'destroyed']
 ['16' '84.88696028817802' 'presentdestroyed']
 ['0' '86.29876171999824' 'presentdestroyed']
 ['3' '88.44413036383526' 'marauded']
 ['5' '88.92465255923634' 'presentdestroyed']
 ['5' '91.66869409512388' 'presentdestroyed']
 ['4' '92.07311848039537' 'presentdestroyed']
 ['5' '92.91635950960955' 'presentdestroyed']
 ['0' '94.77037201704802' 'presentdestroyed']
 ['0' '97.05936581137664' 'present']
 ['4' '99.07918268988767' 'marauded']
 ['23' '101.5465582740413' 'presentdestroyed']
 ['23' '103.57424391026596' 'presentdestroyed']
 ['23' '103.99965572833396' 'presentdestroyed']
 ['16' '106.07322120780807' 'present']
 ['16' '108.05797333978661' 'present']
 ['0' '108.20890716676287' 'present']
 ['16' '117.59437589396212' 'present']
 ['4' '117.94745764324726' 'present']
 ['22' '120.84181795845407' 'marauded']
 ['2' '124.35088572593318' 'destroyed']
 ['2' '134.9090108195661' 'present']
 ['4' '135.79782533848515' 'marauded']
 ['2' '135.88622319161246' 'presentdestroyed']
 ['23' '138.88267101769227' 'presentdestroyed']
 ['16' '141.0110765505265' 'destroyed']
 ['16' '144.34659313422773' 'present']
 ['2' '148.69680650863873' 'present']
 ['2' '151.73386175199457' 'present']
 ['23' '152.06855548873926' 'present']
 ['23' '154.2145659214101' 'present']
 ['23' '159.73712151324693' 'present']
 ['3' '162.20689342685642' 'present']
 ['5' '177.96789300025875' 'present']
 ['2' '180.81845903703748' 'present']
 ['2' '192.34018649791423' 'present']
 ['2' '198.86725499747556' 'marauded']
 ['23' '199.48909169166126' 'presentdestroyed']
 ['0' '200.27367126996' 'presentdestroyed']
 ['5' '203.47535958968803' 'presentdestroyed']
 ['16' '203.68427753943027' 'presentdestroyed']
 ['0' '204.22866188367237' 'presentdestroyed']
 ['16' '204.86660125547368' 'presentdestroyed']
 ['16' '207.18642562021745' 'marauded']
 ['0' '211.74959317538847' 'presentdestroyed']
 ['2' '214.46873783800845' 'present']
 ['22' '217.33461326643106' 'present']
 ['0' '221.4029999919345' 'present']
 ['5' '224.1415288378733' 'present']
 ['5' '224.75678590365297' 'present']
 ['3' '225.91266273413524' 'present']
 ['0' '227.58381431217697' 'present']
 ['2' '228.33831320084397' 'present']
 ['2' '231.09404141726955' 'present']
 ['12' '232.3486316341255' 'present']
 ['0' '232.67345127425423' 'present']
 ['2' '237.71897248320283' 'present']
 ['2' '237.74212063135099' 'present']
 ['5' '243.01352719497788' 'marauded']
 ['4' '251.5494659676866' 'present']
 ['5' '257.47442888834826' 'marauded']
 ['22' '262.757673403766' 'presentdestroyed']
 ['0' '263.0292096959567' 'destroyed']
 ['2' '268.3480486974058' 'present']
 ['3' '271.7705718831444' 'present']
 ['23' '271.9048088370259' 'present']
 ['12' '284.5479483994519' 'present']
 ['3' '287.95945318691923' 'present']
 ['23' '289.9844583085065' 'marauded']
 ['23' '292.7153163781738' 'presentdestroyed']
 ['4' '296.41406906919' 'presentdestroyed']
 ['4' '299.94677209377403' 'present']
 ['4' '300.00265666697715' 'present']
 ['4' '301.21575630147794' 'marauded']
 ['23' '305.6200683881875' 'presentdestroyed']
 ['5' '306.3907119901291' 'presentdestroyed']
 ['2' '306.49889312387404' 'presentdestroyed']
 ['5' '311.24206875752253' 'present']
 ['2' '311.58919129186324' 'present']
 ['23' '311.97745621960667' 'present']
 ['2' '312.8222655456462' 'present']
 ['23' '314.4736528789966' 'present']
 ['4' '318.85138623381516' 'marauded']
 ['23' '324.1199790230502' 'presentdestroyed']
 ['22' '329.54823557134443' 'present']
 ['16' '336.0487874668349' 'marauded']
 ['23' '347.17287036694455' 'present']
 ['23' '347.93396903210066' 'present']
 ['12' '348.7887738130558' 'present']
 ['23' '358.4639764689827' 'present']]","[['F43' '122.84549555137576' 'destroyed']
 ['F85' '123.57912929787646' 'destroyed']
 ['F43' '134.90336592174614' 'mated']
 ['F38' '141.53677551293183' 'destroyed']
 ['F15' '149.08955238747174' 'mated']
 ['F122' '149.53656449901757' 'mated']
 ['F126' '153.27660522182887' 'mated']
 ['F6' '200.88233644021358' 'destroyed']
 ['F207' '232.83568405561988' 'absent']
 ['F92' '269.2576147321791' 'mated']
 ['F206' '299.99142552379413' 'mated']
 ['F136' '337.91565555964195' 'destroyed']
 ['F98' '340.8292000376173' 'destroyed']]",2000.0,1500.0,567.0,67.88017271114948,14.242338718840905,1161.0,198.45869328057051,42.86891579993678,534.0,91.23962753861682,19.627543795915482,10.0,0.9999999999999999,0.10000000000000003,65.0,1.717593935563829,0.049832818930041094
20,0.0,5,360.2064989761226,"[['9' '9.456255093680785' 'present']
 ['9' '10.323088411912186' 'present']
 ['4' '13.356861915181984' 'present']
 ['4' '22.467867512986675' 'present']
 ['4' '31.995883919786642' 'marauded']
 ['4' '42.38813682678243' 'present']
 ['9' '47.83560887763791' 'present']
 ['4' '54.008754235323174' 'present']
 ['9' '59.209806869404524' 'present']
 ['5' '71.56790521525849' 'present']
 ['4' '76.09119172188619' 'present']
 ['9' '83.93963032720545' 'present']
 ['4' '95.65190499026156' 'present']
 ['17' '98.9324597505064' 'present']
 ['5' '105.14171689216694' 'present']
 ['9' '105.18203459240073' 'present']
 ['19' '112.08209880135317' 'present']
 ['4' '130.90962305836712' 'present']
 ['9' '132.4377107899922' 'present']
 ['9' '153.44344270998903' 'present']
 ['9' '153.75894353474024' 'present']
 ['9' '154.34225459239892' 'present']
 ['9' '154.36540274054707' 'present']
 ['9' '163.80443788340844' 'present']
 ['4' '167.26270971370303' 'present']
 ['4' '169.4313572669861' 'present']
 ['9' '175.38828790303782' 'present']
 ['9' '178.283867796614' 'present']
 ['9' '181.56990381803266' 'present']
 ['9' '184.81737497830957' 'present']
 ['9' '226.64049990788075' 'present']
 ['5' '247.8532517739231' 'marauded']
 ['9' '253.1182040988821' 'presentdestroyed']
 ['4' '259.62986128417367' 'present']
 ['9' '273.1331539863634' 'present']
 ['9' '283.5758724112031' 'present']
 ['9' '298.14926795981415' 'marauded']
 ['4' '300.0353930920321' 'presentdestroyed']
 ['4' '309.6859186684865' 'present']
 ['9' '323.4554006660229' 'present']
 ['9' '331.7718554481196' 'present']
 ['9' '332.74603616816586' 'marauded']]","[['F44' '144.40521522694763' 'mated']
 ['F119' '153.04329952150798' 'mated']
 ['F193' '170.8845252769773' 'mated']
 ['F194' '199.08298019789908' 'mated']
 ['F3' '223.0695735268437' 'mated']
 ['F17' '280.47881875898116' 'absent']
 ['F37' '313.7176725722028' 'absent']]",2500.0,0.0,571.0,68.30168973327527,13.292861597205839,1587.0,266.95766706414673,56.875562279342766,135.0,24.76338923590089,5.700300769120316,0.0,0.0,0.0,0.0,0.0,0.0
21,0.054,4,360.5138085483407,"[['23' '3.644815011432867' 'present']
 ['12' '5.704909191366697' 'present']
 ['16' '7.576346619710223' 'present']
 ['16' '10.647259904964598' 'present']
 ['12' '12.560973024735516' 'present']
 ['23' '14.207241947372939' 'marauded']
 ['13' '20.390875956144978' 'presentdestroyed']
 ['16' '27.322841259100205' 'present']
 ['18' '32.383917412369975' 'present']
 ['16' '32.526574801490106' 'present']
 ['12' '32.86645983888944' 'present']
 ['13' '34.53498202341014' 'present']
 ['12' '54.70983619647374' 'marauded']
 ['2' '56.77666810665599' 'destroyed']
 ['13' '66.43957126270628' 'present']
 ['23' '82.98359707033879' 'present']
 ['10' '84.07117406776824' 'present']
 ['16' '89.83225405830393' 'present']
 ['4' '90.07639599086956' 'present']
 ['0' '91.37171269059397' 'present']
 ['3' '91.65864854434005' 'present']
 ['18' '98.268564833359' 'present']
 ['18' '100.65665166124319' 'present']
 ['18' '106.94093987565188' 'present']
 ['16' '108.10906377453631' 'present']
 ['16' '109.06891552666748' 'present']
 ['23' '111.99718979406727' 'present']
 ['13' '115.86958673805589' 'present']
 ['23' '118.99091113173253' 'present']
 ['23' '126.05867563561597' 'marauded']
 ['4' '134.07929538749596' 'presentdestroyed']
 ['13' '137.02188402305734' 'present']
 ['22' '144.98616195526495' 'marauded']
 ['16' '148.74508303510916' 'presentdestroyed']
 ['23' '149.89098682545446' 'presentdestroyed']
 ['13' '150.14585890463576' 'presentdestroyed']
 ['13' '151.3321573114352' 'presentdestroyed']
 ['13' '153.2703872046217' 'present']
 ['7' '154.53925462680016' 'present']
 ['16' '158.2846986016471' 'present']
 ['16' '158.30784674979526' 'present']
 ['3' '159.11515762161346' 'present']
 ['16' '159.9269488740947' 'marauded']
 ['18' '165.85095244217857' 'presentdestroyed']
 ['23' '167.04468999462685' 'presentdestroyed']
 ['12' '173.96292956924646' 'present']
 ['3' '174.2878540241329' 'present']
 ['23' '179.712760511886' 'marauded']
 ['23' '182.18400352568224' 'presentdestroyed']
 ['2' '192.02183310744786' 'marauded']
 ['13' '196.18087396321675' 'presentdestroyed']
 ['13' '196.2040221113649' 'presentdestroyed']
 ['3' '201.42854148439838' 'present']
 ['13' '203.3889724321027' 'present']
 ['13' '209.63914817077435' 'present']
 ['16' '222.12168843102353' 'marauded']
 ['23' '222.61140314910352' 'presentdestroyed']
 ['16' '223.20738856511335' 'presentdestroyed']
 ['12' '223.25143653001996' 'presentdestroyed']
 ['13' '223.74865034178762' 'destroyed']
 ['16' '230.5749970128551' 'present']
 ['23' '240.82545570816748' 'present']
 ['18' '241.08182748074447' 'marauded']
 ['16' '242.9355858159458' 'presentdestroyed']
 ['23' '244.10556465602278' 'presentdestroyed']
 ['3' '257.61664767982467' 'present']
 ['13' '258.09793248879174' 'marauded']
 ['16' '259.5768860720805' 'presentdestroyed']
 ['13' '264.31113680355475' 'presentdestroyed']
 ['16' '265.26010637402334' 'present']
 ['23' '268.4103879689431' 'present']
 ['16' '272.97867921272376' 'marauded']
 ['16' '276.38694791344454' 'destroyed']
 ['12' '276.6592278589731' 'destroyed']
 ['13' '278.06266410217535' 'presentdestroyed']
 ['18' '285.68640430847347' 'marauded']
 ['16' '286.42404146331137' 'presentdestroyed']
 ['0' '287.76535362654755' 'destroyed']
 ['12' '287.94023999460023' 'presentdestroyed']
 ['12' '289.34178657228404' 'presentdestroyed']
 ['12' '296.84173617523277' 'present']
 ['16' '300.2833856745166' 'present']
 ['23' '300.2947495991769' 'present']
 ['23' '301.52160184437133' 'present']
 ['2' '302.9757731907658' 'present']
 ['3' '304.055291110518' 'present']
 ['2' '304.1864825561497' 'marauded']
 ['18' '305.7996338662781' 'presentdestroyed']
 ['12' '311.4661239206416' 'marauded']
 ['23' '312.89070422480825' 'presentdestroyed']
 ['2' '313.5595606212089' 'presentdestroyed']
 ['16' '317.2250796854545' 'destroyed']
 ['4' '317.7152775799335' 'destroyed']
 ['13' '318.5359774496555' 'destroyed']
 ['2' '323.53558394537544' 'present']
 ['16' '323.55362935681205' 'present']
 ['16' '325.9782320973358' 'present']
 ['13' '331.55526896253974' 'present']
 ['16' '338.92620743335283' 'present']
 ['4' '353.4889227940006' 'present']]","[['F40' '52.7608055058839' 'mated']
 ['F47' '54.569851715331424' 'absent']
 ['F39' '104.14769986822483' 'absent']
 ['F99' '110.49350065488566' 'mated']
 ['F41' '121.37708824882978' 'mated']
 ['F96' '131.97033518417715' 'destroyed']
 ['F26' '135.3560383295506' 'mated']
 ['F122' '149.51341635086942' 'destroyed']
 ['F138' '160.9193722936036' 'destroyed']
 ['F66' '165.98797360358358' 'destroyed']
 ['F193' '170.86137712882916' 'absent']
 ['F59' '183.39566760893666' 'destroyed']
 ['F182' '186.57600759007113' 'destroyed']
 ['F88' '190.562370561105' 'absent']
 ['F61' '209.5694984826194' 'absent']
 ['F82' '303.19199555202607' 'absent']]",2500.0,500.0,564.0,71.14978107537472,14.846206863543639,1163.0,201.21850125186106,43.905692980260326,531.0,85.71087499225327,17.778599147436665,5.0,0.5,0.05000000000000001,54.0,1.4958528770451391,0.044474451303155
22,0.054,11,359.8923817138062,"[['12' '1.6670930554604844' 'present']
 ['19' '4.450802038676424' 'present']
 ['12' '15.613108026151671' 'present']
 ['21' '28.9062757972878' 'present']
 ['12' '39.58926967250462' 'present']
 ['12' '40.02909878446443' 'present']
 ['2' '46.05192877370063' 'present']
 ['2' '50.3089284786163' 'marauded']
 ['2' '62.475790332233295' 'present']
 ['2' '68.58451196547354' 'present']
 ['12' '96.93574342134553' 'present']
 ['2' '114.29947098635108' 'present']
 ['2' '130.54750929839517' 'marauded']
 ['2' '143.24698944280868' 'present']
 ['2' '146.80296107250496' 'present']
 ['2' '148.67365836049058' 'present']
 ['12' '162.55509595031023' 'present']
 ['12' '170.0404087416184' 'marauded']
 ['12' '179.6260981626489' 'present']
 ['2' '182.55187200459807' 'present']
 ['2' '183.68814707514315' 'present']
 ['2' '200.07706590168584' 'marauded']
 ['12' '229.87431207964633' 'present']
 ['12' '242.97110136330363' 'present']
 ['2' '244.42930140123107' 'present']
 ['12' '254.42238665774425' 'present']
 ['2' '257.89101111136733' 'present']
 ['2' '293.26540835864483' 'present']
 ['17' '299.24297487418437' 'marauded']
 ['2' '306.8422287932809' 'present']
 ['2' '313.0415790183747' 'present']
 ['2' '333.01453324870937' 'present']
 ['2' '338.08192519176464' 'present']
 ['2' '352.86013776576016' 'present']
 ['12' '353.3020610956577' 'marauded']]","[['F176' '39.66931671702105' 'mated']
 ['F191' '110.70125414698961' 'absent']
 ['F42' '120.44696185533645' 'mated']
 ['F133' '138.576841442461' 'mated']
 ['F159' '141.14176412535724' 'mated']
 ['F28' '155.7187903464263' 'mated']
 ['F180' '175.07743549685915' 'destroyed']
 ['F32' '183.61960591310856' 'mated']
 ['F49' '198.74202108415244' 'mated']
 ['F186' '199.6080478788513' 'mated']
 ['F135' '208.62849553367872' 'absent']
 ['F174' '216.10101843509543' 'absent']
 ['F97' '249.0379399343088' 'mated']
 ['F0' '256.05586241930865' 'mated']
 ['F51' '310.7109018959464' 'absent']
 ['F51' '322.73405004409454' 'mated']
 ['F139' '330.597535394156' 'absent']]",2500.0,1000.0,560.0,70.20264958623459,14.34129677475046,1470.0,249.67682634170265,53.189737344655484,209.0,36.16743286622305,7.6289123548466655,13.0,1.3,0.13000000000000006,91.0,2.656094022759784,0.08680555555555558
23,0.054,11,359.89001438021575,"[['19' '0.2622789942155234' 'present']
 ['19' '19.82116066643831' 'marauded']
 ['17' '26.33568493883314' 'presentdestroyed']
 ['17' '40.801668454727825' 'present']
 ['19' '56.857513073301966' 'present']
 ['19' '64.83156521690857' 'present']
 ['19' '66.96510909294008' 'present']
 ['21' '68.22148125038126' 'marauded']
 ['5' '73.3451500740863' 'presentdestroyed']
 ['17' '87.57182099685758' 'present']
 ['22' '102.06084420644498' 'present']
 ['19' '135.16678288952468' 'present']
 ['21' '135.90386139573152' 'present']
 ['17' '135.96825101778174' 'present']
 ['17' '135.9913991659299' 'present']
 ['19' '146.20407958200303' 'present']
 ['19' '149.77023337380618' 'present']
 ['19' '162.19213985508296' 'present']
 ['17' '167.4521132019951' 'present']
 ['19' '179.7002617937051' 'present']
 ['17' '190.27105310023998' 'present']
 ['17' '209.34229559086927' 'present']
 ['21' '211.56269418016228' 'marauded']
 ['21' '213.00326807161161' 'presentdestroyed']
 ['19' '215.90970326571474' 'presentdestroyed']
 ['21' '218.12664445741618' 'presentdestroyed']
 ['17' '220.3779513844011' 'present']
 ['22' '224.10455196116774' 'marauded']
 ['17' '232.7020836919856' 'present']
 ['19' '237.42495977945148' 'present']
 ['19' '251.17936745220857' 'marauded']
 ['17' '255.00183796387194' 'presentdestroyed']
 ['19' '255.78608436992963' 'presentdestroyed']
 ['17' '315.0541423604322' 'present']
 ['17' '331.3213661520402' 'marauded']
 ['21' '339.4832551747553' 'present']]","[['F127' '31.447973503062155' 'mated']
 ['F9' '61.64571068978809' 'mated']
 ['F42' '120.4210814389302' 'absent']
 ['F104' '147.46516028384488' 'mated']
 ['F122' '149.5249904249435' 'absent']
 ['F138' '160.93094636767768' 'mated']
 ['F169' '198.1145124797613' 'mated']
 ['F113' '218.12684663815895' 'destroyed']
 ['F207' '232.84725812969396' 'mated']
 ['F141' '234.21713642276558' 'mated']
 ['F187' '247.24741660716452' 'mated']
 ['F92' '269.246040658105' 'absent']
 ['F35' '278.177055858686' 'mated']
 ['F110' '294.2805641477308' 'mated']
 ['F82' '303.20356962610015' 'mated']
 ['F14' '328.2761290383277' 'absent']]",2500.0,1500.0,568.0,68.4210324744182,14.03400317205901,1512.0,251.4375168192985,53.12020364674189,216.0,36.427498160363925,7.586619034236201,14.0,1.4000000000000001,0.14000000000000007,90.0,2.5122478295649757,0.07608882030178324
