id,probability_maraud,successful_mating,next_foraging_time,mar_attempts,mate_attempts,x_pos,y_pos,foraging_events,foraging_hrs,foraging_sqhrs,staying_events,staying_hrs,staying_sqhrs,repairing_events,repairing_hrs,repairing_sqhrs,marauding_events,marauding_hrs,marauding_sqhrs,traveling_events,traveling_hrs,traveling_sqhrs
0,0.054,14,360.4771674702326,[],"[['F4' '14.359104610592224' 'mated']
 ['F90' '86.43845348115777' 'mated']
 ['F157' '90.84666753277268' 'mated']
 ['F163' '118.8366773854618' 'mated']
 ['F143' '120.96441486850085' 'mated']
 ['F150' '129.4231557298865' 'mated']
 ['F33' '170.21582405060704' 'mated']
 ['F46' '171.04376953122392' 'mated']
 ['F35' '180.8363263855442' 'absent']
 ['F119' '184.0729665610927' 'mated']
 ['F156' '193.88169638497277' 'absent']
 ['F13' '204.57871307445703' 'mated']
 ['F109' '219.1182485585648' 'mated']
 ['F177' '223.97442537913784' 'mated']
 ['F79' '224.77696411013272' 'absent']
 ['F14' '278.6797168370412' 'mated']
 ['F95' '291.42611859754874' 'mated']]",0.0,0.0,571.0,68.78881318406751,14.276384296736945,1675.0,287.2389043797521,62.34548854054594,0.0,0.0,0.0,14.0,1.4000000000000001,0.14000000000000007,97.0,2.579083515393494,0.07608882030178322
1,0.0,12,360.70181075222314,"[['16' '1.6265502253362591' 'marauded']
 ['16' '2.2787302365547806' 'presentdestroyed']
 ['16' '3.5629044935839955' 'presentdestroyed']
 ['0' '19.305692285069597' 'present']
 ['16' '30.013882097266926' 'present']
 ['0' '42.557630038472574' 'marauded']
 ['16' '46.54993664449396' 'presentdestroyed']
 ['16' '48.91224224283485' 'presentdestroyed']
 ['0' '52.218489562477984' 'marauded']
 ['16' '66.60609197787872' 'present']
 ['0' '73.45741695609867' 'present']
 ['16' '75.9289319490199' 'present']
 ['16' '85.62417533675253' 'marauded']
 ['0' '89.17034639057505' 'presentdestroyed']
 ['16' '92.21322199955031' 'presentdestroyed']
 ['16' '98.11106266101693' 'present']
 ['0' '98.56786688797578' 'present']
 ['16' '98.87270753256779' 'present']
 ['16' '119.54005734930747' 'present']
 ['0' '134.24947236562863' 'marauded']
 ['0' '139.5513744159781' 'destroyed']
 ['16' '140.9967504672604' 'presentdestroyed']
 ['16' '142.5589518074159' 'marauded']
 ['16' '146.2411223311224' 'presentdestroyed']
 ['0' '146.82966028935536' 'destroyed']
 ['16' '148.74727087407305' 'presentdestroyed']
 ['0' '154.69737966997937' 'present']
 ['0' '159.9896608172178' 'present']
 ['16' '161.07375829136' 'present']
 ['16' '171.15006308251955' 'present']
 ['0' '172.10042695503017' 'present']
 ['16' '172.60952461397176' 'present']
 ['16' '214.30315603525358' 'present']
 ['0' '237.27195696481513' 'present']
 ['16' '253.34155725699975' 'present']
 ['0' '254.68288619785918' 'present']
 ['16' '259.6401576664151' 'present']
 ['0' '261.517625519373' 'present']
 ['16' '278.43052039523354' 'present']
 ['0' '293.8513393410898' 'marauded']
 ['16' '305.00073219871945' 'marauded']
 ['16' '313.24222041791097' 'present']
 ['16' '318.2317317040994' 'marauded']
 ['0' '319.96757438444274' 'presentdestroyed']
 ['0' '323.3490709455211' 'destroyed']
 ['0' '326.7893183902489' 'present']
 ['16' '330.2194189852917' 'present']
 ['16' '332.40758748998826' 'present']
 ['0' '355.4777507538015' 'marauded']
 ['0' '356.46384948079054' 'destroyed']]","[['F53' '14.83972460233228' 'absent']
 ['F140' '63.09784884315242' 'absent']
 ['F128' '80.42410279175742' 'absent']
 ['F179' '89.17382231267625' 'destroyed']
 ['F149' '98.65038142939463' 'mated']
 ['F17' '105.71813568774412' 'mated']
 ['F31' '105.78903259644399' 'mated']
 ['F85' '122.79557435860218' 'mated']
 ['F212' '125.51762388432778' 'absent']
 ['F87' '156.0858897653444' 'mated']
 ['F192' '186.64429181475032' 'mated']
 ['F7' '208.93095723849234' 'mated']
 ['F183' '215.99165218337933' 'absent']
 ['F169' '227.07550054983628' 'mated']
 ['F121' '260.50814915334087' 'mated']
 ['F210' '263.82061885650694' 'mated']
 ['F129' '270.3941713104121' 'mated']
 ['F153' '281.60812344265287' 'mated']
 ['F10' '294.70179582167265' 'destroyed']
 ['F165' '339.2824604047331' 'absent']]",0.0,500.0,567.0,76.37002561984542,17.426607194165104,1320.0,225.56279565572348,48.70854925054057,327.0,58.454792686675226,13.089658828394564,0.0,0.0,0.0,0.0,0.0,0.0
2,0.0,2,360.2843180748263,[],"[['F136' '40.129092712464164' 'mated']
 ['F25' '63.67572574081565' 'mated']
 ['F12' '70.82616928895678' 'absent']
 ['F42' '173.55206843287664' 'absent']]",0.0,1000.0,561.0,66.43318660416827,13.278081619338339,1740.0,293.5789031043134,63.15127029431606,0.0,0.0,0.0,0.0,0.0,0.0,0.0,0.0,0.0
3,0.0,9,360.2452857416039,"[['16' '19.206781487776233' 'present']
 ['16' '32.01044635912294' 'present']
 ['0' '69.69177667126922' 'present']
 ['16' '135.3849206871029' 'present']
 ['16' '218.2425477694303' 'present']
 ['16' '231.1636504354123' 'present']
 ['16' '263.02489502767753' 'present']
 ['16' '293.4815897395898' 'present']
 ['16' '301.4333033578407' 'present']
 ['16' '312.7342549159061' 'present']
 ['16' '353.7997164914263' 'present']]","[['F12' '70.79822700235523' 'absent']
 ['F137' '71.5499801712417' 'mated']
 ['F41' '107.5767397697072' 'mated']
 ['F72' '137.9919509580756' 'mated']
 ['F51' '145.30302502020317' 'mated']
 ['F100' '169.10686715545046' 'mated']
 ['F207' '213.36218900346026' 'mated']
 ['F178' '230.6788760872479' 'mated']
 ['F77' '240.44611290566058' 'mated']
 ['F202' '252.8366058734731' 'mated']]",0.0,1500.0,569.0,66.70943801050522,13.711337286540276,1704.0,293.4816149832504,62.68929531008589,0.0,0.0,0.0,0.0,0.0,0.0,0.0,0.0,0.0
4,0.0,8,360.2613919275285,"[['0' '56.451898056141545' 'marauded']
 ['0' '58.581144851562065' 'destroyed']
 ['0' '107.1019288798885' 'present']
 ['0' '348.0931415271698' 'present']]","[['F12' '70.8145952148827' 'absent']
 ['F57' '96.17488384449096' 'mated']
 ['F113' '113.57680410380163' 'mated']
 ['F166' '122.87150379372808' 'mated']
 ['F69' '172.94849116318036' 'mated']
 ['F175' '185.52004797979473' 'mated']
 ['F44' '229.86520105993162' 'mated']
 ['F151' '254.651019047611' 'mated']
 ['F37' '349.2681819092727' 'mated']]",500.0,0.0,574.0,68.55132037497577,13.303612761528449,1700.0,285.44173161086684,60.91901288483777,33.0,6.040454086671586,1.301948623003355,0.0,0.0,0.0,0.0,0.0,0.0
5,0.0,11,360.202594309893,"[['0' '1.3087332437250303' 'present']
 ['0' '32.503501603965454' 'marauded']
 ['0' '41.246953746216384' 'present']
 ['0' '45.256067755693394' 'present']
 ['0' '59.471678035043446' 'present']
 ['0' '123.08739569181573' 'present']
 ['0' '123.11054383996388' 'present']
 ['0' '156.7790004976814' 'present']
 ['0' '157.3963494048278' 'present']
 ['0' '169.75376078569045' 'present']
 ['0' '185.02523211741854' 'present']
 ['0' '188.2234359173067' 'marauded']
 ['0' '210.35038878836798' 'present']
 ['0' '222.39609082951134' 'present']
 ['0' '238.74313702529932' 'present']
 ['0' '285.36033805527615' 'present']
 ['10' '288.969138391423' 'present']
 ['0' '314.2565898324121' 'present']
 ['0' '323.0770369701891' 'present']
 ['0' '324.5393704412061' 'present']
 ['0' '355.3546026056533' 'marauded']]","[['F136' '40.10594456431602' 'destroyed']
 ['F167' '79.29267472540342' 'mated']
 ['F5' '83.74143818757327' 'mated']
 ['F66' '101.94468902601805' 'mated']
 ['F168' '130.16810629942051' 'mated']
 ['F182' '135.32159000672982' 'mated']
 ['F18' '153.91442993638145' 'mated']
 ['F154' '163.54935678932102' 'mated']
 ['F173' '183.5803379527214' 'mated']
 ['F93' '184.93008008628547' 'mated']
 ['F156' '193.89327045904685' 'destroyed']
 ['F209' '215.813613461264' 'mated']
 ['F160' '224.10418436675178' 'absent']
 ['F79' '224.7885381842068' 'absent']
 ['F211' '265.0032465140634' 'mated']
 ['F8' '268.8967674659351' 'absent']
 ['F126' '358.5099426561844' 'destroyed']]",500.0,500.0,556.0,70.78184601043462,14.393094525089436,1626.0,273.3501811460266,58.58083633347659,101.0,16.037002150923005,3.226222860833674,0.0,0.0,0.0,0.0,0.0,0.0
6,0.0,16,359.92648968664105,"[['16' '2.5748152022920716' 'present']
 ['16' '6.443270817270442' 'present']
 ['16' '10.781558277266369' 'marauded']
 ['0' '27.600169979902805' 'present']
 ['0' '39.357252382627046' 'present']
 ['16' '45.897891481289456' 'present']
 ['16' '56.82373720939927' 'present']
 ['16' '62.040381112924784' 'present']
 ['0' '65.95671062849657' 'marauded']
 ['16' '69.80272417436282' 'destroyed']
 ['10' '77.08415424429448' 'present']
 ['16' '77.55542136178708' 'marauded']
 ['0' '80.05515612661141' 'presentdestroyed']
 ['0' '93.07761082176125' 'present']
 ['0' '98.05951705492042' 'present']
 ['16' '104.51162997418515' 'present']
 ['0' '121.81133848818587' 'present']
 ['0' '139.52822626782995' 'present']
 ['0' '143.25573695875343' 'present']
 ['0' '160.89449930105957' 'present']
 ['16' '165.55723382781036' 'marauded']
 ['0' '166.26332355016342' 'presentdestroyed']
 ['0' '168.50230067775504' 'presentdestroyed']
 ['0' '172.12357510317833' 'presentdestroyed']
 ['16' '186.1062404509499' 'present']
 ['16' '186.12938859909806' 'present']
 ['16' '189.36534757100404' 'marauded']
 ['16' '206.16742835674742' 'present']
 ['16' '206.25833878855425' 'present']
 ['16' '211.06955951946307' 'present']
 ['16' '224.82329476656898' 'present']
 ['16' '226.53577324135352' 'present']
 ['16' '227.35897092268112' 'present']
 ['16' '228.35372640584626' 'marauded']
 ['0' '230.34609446297426' 'presentdestroyed']
 ['16' '231.36222128544665' 'destroyed']
 ['0' '231.9409940677042' 'presentdestroyed']
 ['0' '232.64848646377627' 'presentdestroyed']
 ['0' '233.268174506227' 'presentdestroyed']
 ['0' '240.38448631491175' 'present']
 ['16' '256.454626683918' 'marauded']
 ['16' '259.61700951826697' 'presentdestroyed']
 ['16' '266.23950910879176' 'marauded']
 ['16' '276.1839097958091' 'present']
 ['16' '282.9142738946645' 'present']
 ['0' '285.20381951990794' 'present']
 ['16' '311.57625779985267' 'marauded']
 ['16' '314.4998866211812' 'presentdestroyed']
 ['16' '314.7680120629758' 'presentdestroyed']
 ['16' '315.8940148958439' 'presentdestroyed']
 ['16' '332.59005550778994' 'marauded']
 ['0' '345.77582911066014' 'present']
 ['16' '347.9667763361572' 'present']
 ['16' '355.37458088501404' 'present']]","[['F133' '25.03008146192246' 'mated']
 ['F96' '93.91842187233662' 'mated']
 ['F104' '120.89788599498169' 'mated']
 ['F86' '127.9433995621382' 'mated']
 ['F203' '160.09291014485396' 'mated']
 ['F124' '163.8782965357056' 'mated']
 ['F201' '166.31985781431172' 'destroyed']
 ['F100' '169.090498942923' 'destroyed']
 ['F35' '180.84790045961827' 'mated']
 ['F156' '193.8701223108987' 'destroyed']
 ['F155' '199.35482599796524' 'mated']
 ['F38' '210.421075623954' 'mated']
 ['F183' '216.01480033152748' 'mated']
 ['F177' '223.9397031569156' 'absent']
 ['F177' '223.96285130506377' 'absent']
 ['F214' '225.7795224985331' 'mated']
 ['F178' '230.66250787472043' 'destroyed']
 ['F205' '241.70727207063288' 'mated']
 ['F206' '242.8074445491256' 'mated']
 ['F75' '289.9988954056484' 'mated']
 ['F120' '291.6424900265891' 'mated']
 ['F55' '307.05775697749147' 'mated']
 ['F16' '335.0870586685082' 'destroyed']]",500.0,1000.0,570.0,69.53845324958615,13.764131320838693,1383.0,229.70068875337634,48.250770421366745,364.0,60.87321869203552,13.01949951751133,0.0,0.0,0.0,0.0,0.0,0.0
7,0.054,8,360.0755219614924,[],"[['F90' '74.3709948338806' 'absent']
 ['F90' '74.40373125893554' 'absent']
 ['F17' '105.69498753959597' 'absent']
 ['F67' '132.84456002970472' 'mated']
 ['F110' '146.77854496247045' 'mated']
 ['F158' '162.54253110761817' 'mated']
 ['F152' '178.62344736772891' 'mated']
 ['F56' '188.15690179331176' 'mated']
 ['F101' '217.74173557913142' 'absent']
 ['F73' '228.79794147776752' 'mated']
 ['F26' '282.66717496274117' 'mated']
 ['F196' '298.5147507862037' 'absent']
 ['F65' '308.61061687734787' 'mated']]",500.0,1500.0,571.0,71.09254274377679,14.813031883526628,1644.0,283.8636450901044,61.19270528284643,0.0,0.0,0.0,22.0,2.2000000000000006,0.22000000000000014,103.0,2.9581357651200184,0.09216392318244164
8,0.0,8,359.9148290420743,"[['0' '38.60648025341493' 'marauded']
 ['7' '72.54154899337001' 'present']
 ['10' '102.13522105479319' 'marauded']
 ['10' '135.8745999006732' 'marauded']
 ['10' '137.48727908239832' 'presentdestroyed']
 ['10' '147.74582093869694' 'present']
 ['10' '168.31114859125032' 'present']
 ['10' '284.71416073608066' 'present']
 ['10' '313.4980245751263' 'present']
 ['10' '317.40647752372274' 'present']
 ['10' '325.9669619459708' 'marauded']
 ['10' '356.53618553764767' 'present']]","[['F27' '6.171249715601219' 'mated']
 ['F60' '69.4373072184813' 'mated']
 ['F12' '70.83774336303085' 'absent']
 ['F23' '73.56980740599028' 'mated']
 ['F128' '80.44725093990557' 'mated']
 ['F116' '125.53500256462071' 'mated']
 ['F72' '137.98037688400152' 'destroyed']
 ['F94' '185.02092662428714' 'mated']
 ['F123' '220.5733214664389' 'mated']
 ['F181' '308.4912758429918' 'mated']]",1000.0,0.0,554.0,70.90406446586175,14.520571631977408,1552.0,264.6577027710629,56.77246511347854,148.0,24.53280645543164,5.0777220147933155,0.0,0.0,0.0,0.0,0.0,0.0
9,0.0,9,360.20786192835146,"[['7' '14.481738349105994' 'marauded']
 ['7' '37.362592761477366' 'present']
 ['7' '85.23596309992338' 'present']
 ['7' '138.31576856019652' 'present']
 ['7' '149.11630686758605' 'present']]","[['F170' '53.34725782648121' 'absent']
 ['F176' '61.716096626041725' 'absent']
 ['F105' '112.84263777066941' 'mated']
 ['F49' '124.34231838967331' 'absent']
 ['F29' '158.91688548767996' 'mated']
 ['F98' '182.58321432519088' 'mated']
 ['F99' '185.46068389541037' 'mated']
 ['F160' '224.11575844082586' 'mated']
 ['F79' '224.80011225828088' 'mated']
 ['F34' '227.948470381964' 'mated']
 ['F21' '267.501055206093' 'mated']
 ['F2' '272.0686505347011' 'mated']]",1000.0,500.0,562.0,70.61258309336915,14.90898562681685,1684.0,283.36550233277774,60.22524447404782,36.0,6.2041815790189405,1.4043892450404714,0.0,0.0,0.0,0.0,0.0,0.0
10,0.054,13,360.2064472466745,"[['16' '43.01292493009065' 'marauded']
 ['16' '146.81048668537898' 'present']
 ['16' '155.27931473312563' 'marauded']
 ['16' '172.72492067214978' 'present']
 ['16' '265.37627937803325' 'marauded']]","[['F15' '68.94966961986604' 'mated']
 ['F199' '82.94843990805728' 'mated']
 ['F76' '89.9693399765363' 'mated']
 ['F108' '105.40483455293828' 'mated']
 ['F189' '141.9439345764584' 'mated']
 ['F48' '189.30718846023564' 'mated']
 ['F171' '192.57000079227748' 'absent']
 ['F47' '192.74626609916518' 'mated']
 ['F130' '205.06289834499086' 'mated']
 ['F184' '220.85390156911257' 'mated']
 ['F172' '254.90534640004321' 'mated']
 ['F71' '274.08416575491447' 'mated']
 ['F80' '300.4394063683495' 'mated']
 ['F174' '330.11034918557414' 'mated']]",1000.0,1000.0,572.0,68.51015675202167,13.297833541483387,1588.0,268.4085497846995,57.351310482601605,110.0,18.134018122840704,3.6242123218733537,21.0,2.1000000000000005,0.21000000000000013,101.0,2.9531784608141,0.09323559670781885
11,0.0,10,360.53156637740443,[['7' '271.0213852826805' 'present']],"[['F170' '53.35883190055529' 'mated']
 ['F176' '61.7276707001158' 'mated']
 ['F70' '166.6673543493232' 'mated']
 ['F204' '186.02103716780232' 'mated']
 ['F186' '192.16957352623555' 'mated']
 ['F164' '212.77369151742724' 'mated']
 ['F0' '235.28224713635387' 'mated']
 ['F39' '240.73030818972774' 'mated']
 ['F81' '246.1834637673163' 'mated']
 ['F196' '298.53789893435186' 'mated']]",1000.0,1500.0,575.0,73.7467702930012,15.832228635781052,1732.0,286.33281809651214,60.24520862230873,0.0,0.0,0.0,0.0,0.0,0.0,0.0,0.0,0.0
12,0.0,7,360.203511688717,"[['16' '1.3897685500237955' 'present']
 ['16' '49.75898913705789' 'present']
 ['16' '54.060427652870246' 'marauded']
 ['16' '61.754113611753205' 'presentdestroyed']
 ['16' '67.36170819364015' 'marauded']
 ['16' '146.94125139187423' 'marauded']
 ['16' '149.06253892492575' 'presentdestroyed']
 ['16' '154.66486766298252' 'marauded']
 ['7' '193.89148180832308' 'present']
 ['16' '226.96833858575818' 'marauded']
 ['16' '263.3666009379496' 'present']
 ['16' '291.58241075217524' 'present']
 ['16' '293.5143261646448' 'present']
 ['16' '341.97656606405644' 'present']]","[['F102' '36.48822088086329' 'mated']
 ['F96' '93.90684779826255' 'absent']
 ['F127' '149.3160132359185' 'destroyed']
 ['F158' '162.51665069121194' '']
 ['F201' '166.30828374023764' 'absent']
 ['F111' '171.23055283187549' 'mated']
 ['F20' '186.45497456454325' 'mated']
 ['F145' '197.57799065092706' 'mated']
 ['F54' '203.15430946952432' 'mated']
 ['F183' '216.0032262574534' 'absent']
 ['F16' '335.09863274258225' 'mated']
 ['F208' '355.617212281573' 'mated']]",1500.0,0.0,573.0,70.16071684708704,14.230247842598805,1533.0,259.227696156342,55.87301438207117,171.0,30.76543685539817,6.638484085766688,0.0,0.0,0.0,0.0,0.0,0.0
13,0.0,14,360.0436867208481,"[['10' '2.032074287863773' 'marauded']
 ['10' '3.744973482377114' 'destroyed']
 ['10' '23.919047577440452' 'present']
 ['10' '24.448932715951937' 'present']
 ['0' '25.842169253312846' 'present']
 ['0' '26.79046778768399' 'present']
 ['0' '37.47377860201235' 'present']
 ['0' '48.368885472860356' 'present']
 ['10' '59.203049711786036' 'present']
 ['0' '73.43426880795052' 'present']
 ['0' '93.1007589699094' 'marauded']
 ['0' '108.03374475574914' 'present']
 ['0' '148.58447557672758' 'present']
 ['0' '159.8215173507463' 'present']
 ['0' '188.34658406545483' 'present']
 ['0' '193.6487310255123' 'present']
 ['10' '194.16209463674355' 'marauded']
 ['10' '208.07107885690718' 'present']
 ['0' '209.68228398977996' 'present']
 ['0' '211.74795450176657' 'present']
 ['0' '215.65313248671288' 'present']
 ['7' '215.82983317785173' 'present']
 ['0' '239.27135595725304' 'present']
 ['0' '259.3232295614898' 'marauded']
 ['0' '263.7546054556781' 'destroyed']
 ['7' '265.96544950822494' 'presentdestroyed']
 ['0' '302.87517869458804' 'present']
 ['10' '322.22136657805044' 'present']
 ['10' '327.4903802441297' 'present']
 ['0' '329.08254443257806' 'present']
 ['0' '330.42904782082337' 'present']
 ['0' '337.4547151816762' 'present']
 ['0' '345.0280445106713' 'present']
 ['0' '356.9742022088886' 'present']]","[['F40' '5.540446617692906' 'destroyed']
 ['F200' '17.32996251993435' 'mated']
 ['F176' '61.70452255196765' 'absent']
 ['F90' '74.42687940708369' 'absent']
 ['F159' '82.11513167864439' 'mated']
 ['F57' '96.16330977041689' 'absentdestroyed']
 ['F213' '109.67951062052667' 'mated']
 ['F49' '124.35389246374739' 'mated']
 ['F212' '125.52919795840185' 'mated']
 ['F28' '145.98230767426944' 'mated']
 ['F107' '166.852579689048' 'mated']
 ['F62' '178.4995009122343' 'mated']
 ['F19' '180.45801238655582' 'mated']
 ['F22' '189.89047949408172' 'mated']
 ['F61' '227.43587097627162' 'mated']
 ['F91' '227.59962791905338' 'mated']
 ['F82' '244.83825059448526' 'absent']
 ['F151' '254.6394449735369' 'absent']
 ['F92' '298.33579215061724' 'mated']
 ['F165' '339.2940344788072' 'mated']]",1500.0,500.0,558.0,75.04405396460886,16.45224512784092,1557.0,260.7179437515183,55.19514531888062,145.0,24.341409455506685,4.948273655939251,0.0,0.0,0.0,0.0,0.0,0.0
14,0.0,4,360.49174359775475,"[['7' '1.499067265972734' 'present']
 ['7' '6.027944569176048' 'marauded']
 ['10' '11.503925562794434' 'presentdestroyed']
 ['10' '16.299733347133323' 'present']
 ['10' '19.213381836267597' 'marauded']
 ['10' '22.114786968860855' 'presentdestroyed']
 ['7' '36.684829840214505' 'present']
 ['10' '42.92041843103557' 'marauded']
 ['7' '56.737890737294975' 'marauded']
 ['10' '58.68101019170093' 'presentdestroyed']
 ['7' '76.05757838037786' 'present']
 ['10' '95.21741924289664' 'present']
 ['10' '109.75025792793333' 'present']
 ['10' '114.64831930679323' 'present']
 ['10' '115.55471679161151' 'present']
 ['10' '118.16826032013346' 'present']
 ['7' '136.02167974247007' 'present']
 ['10' '139.86696912748775' 'marauded']
 ['10' '147.54338306911853' 'marauded']
 ['7' '161.0634680811336' 'present']
 ['10' '175.05722099924904' 'present']
 ['10' '184.73757769550826' 'present']
 ['10' '188.53202795937582' 'present']
 ['10' '192.27848902218952' 'present']
 ['7' '194.40874256197088' 'present']
 ['0' '198.3005807022982' 'marauded']
 ['10' '200.94025729312693' 'presentdestroyed']
 ['7' '210.57457641476404' 'present']
 ['7' '231.75890995289348' 'marauded']
 ['7' '253.09928274494877' 'marauded']
 ['10' '279.54064304256553' 'marauded']
 ['10' '319.25013761163467' 'marauded']
 ['10' '324.77655234244014' 'presentdestroyed']
 ['7' '326.5532849582788' 'present']
 ['10' '329.86137179434513' 'present']
 ['10' '336.30865031554583' 'present']
 ['7' '359.11851701870995' 'marauded']]","[['F32' '171.1393588869901' 'mated']
 ['F184' '220.8423274950385' 'absent']
 ['F0' '235.26587892382642' 'destroyed']
 ['F43' '240.3938881042468' 'mated']
 ['F78' '278.4587328751082' 'mated']
 ['F88' '353.91912862907196' 'mated']]",1500.0,1000.0,577.0,71.45504808492345,15.05587230098914,1314.0,220.71887121937127,47.00141034280307,385.0,67.84300750871968,14.836930752328056,0.0,0.0,0.0,0.0,0.0,0.0
15,0.0,7,359.97991809219593,"[['10' '205.83168013553475' 'marauded']
 ['10' '235.42395491209106' 'present']]","[['F140' '63.109422917226496' 'mated']
 ['F128' '80.4356768658315' 'absent']
 ['F141' '97.66449065000664' 'mated']
 ['F50' '126.64705867120699' 'mated']
 ['F87' '156.07431569127033' 'absent']
 ['F112' '169.21005364457653' 'mated']
 ['F36' '195.62987011558442' 'mated']
 ['F9' '220.97302426298916' 'mated']
 ['F139' '227.13153974137379' 'absent']
 ['F24' '259.98817213450985' 'mated']]",1500.0,1500.0,569.0,68.9966771509504,13.275128221845968,1691.0,285.0367997604578,60.25387667177163,37.0,6.042915725857323,1.2318817076296122,0.0,0.0,0.0,0.0,0.0,0.0
16,0.054,13,360.0502708963819,"[['10' '22.28238143738507' 'marauded']
 ['10' '54.62107533137762' 'present']
 ['10' '94.78845437787726' 'present']
 ['10' '102.44774479147661' 'present']
 ['10' '108.45525100650174' 'marauded']
 ['10' '114.27877372781273' 'presentdestroyed']
 ['10' '115.78912956487596' 'present']
 ['10' '126.33417585181432' 'marauded']
 ['10' '193.94464052802797' 'marauded']
 ['10' '197.5492042201802' 'destroyed']
 ['10' '236.69239948926577' 'present']
 ['10' '246.44866497791043' 'present']
 ['10' '299.93947356900975' 'present']]","[['F53' '14.851298676406355' 'mated']
 ['F179' '89.18539638675033' 'mated']
 ['F63' '93.73668551476948' 'mated']
 ['F125' '124.34526049573644' 'mated']
 ['F127' '149.33238144844594' 'mated']
 ['F161' '149.3607682381281' 'mated']
 ['F59' '151.08776929386403' 'mated']
 ['F89' '152.83145270200905' 'mated']
 ['F135' '155.01506914063776' 'mated']
 ['F106' '163.792442807585' 'mated']
 ['F201' '166.3314318883858' 'mated']
 ['F177' '223.9512772309897' 'absent']
 ['F187' '239.84654232370906' 'mated']
 ['F58' '268.33235879008714' 'mated']]",2000.0,0.0,567.0,70.77047047496616,15.068964354224052,1534.0,260.24294341715125,55.97291983145675,138.0,24.218470208587206,5.433134209247426,23.0,2.3000000000000007,0.23000000000000015,94.0,2.5588484179732855,0.07394547325102878
17,0.0,6,360.05031570789697,[],"[['F12' '70.84931743710493' 'mated']
 ['F197' '77.95116415838106' 'mated']
 ['F103' '103.4310247651075' 'absent']
 ['F215' '128.12111003600864' 'mated']
 ['F122' '146.25370410504476' 'mated']
 ['F132' '150.20395299019088' 'mated']
 ['F191' '296.2874751606832' 'mated']]",2000.0,500.0,563.0,70.07957296011404,14.597720823138205,1755.0,290.01198609839514,60.326530186673764,0.0,0.0,0.0,0.0,0.0,0.0,0.0,0.0,0.0
18,0.0,1,360.29338233786365,[['0' '10.680090414859064' 'present']],[['F68' '295.60245033691854' 'mated']],2000.0,1000.0,565.0,71.64347796702049,15.162311094595163,1714.0,288.3892624440178,61.16848125537368,0.0,0.0,0.0,0.0,0.0,0.0,0.0,0.0,0.0
19,0.0,11,360.1823270574221,"[['0' '2.940829793907451' 'present']
 ['10' '29.920281747791744' 'present']
 ['10' '70.5887128060666' 'present']
 ['0' '151.45935953773719' 'present']
 ['10' '351.41640520047787' 'present']]","[['F148' '8.050780807240299' 'mated']
 ['F190' '136.36184417049554' 'absent']
 ['F42' '173.5684366454041' 'mated']
 ['F146' '177.6301759364212' 'mated']
 ['F195' '185.93868563064296' 'mated']
 ['F118' '206.51028002324506' 'mated']
 ['F180' '220.1045841763292' 'mated']
 ['F139' '227.14311381544786' 'mated']
 ['F1' '237.02773700944232' 'mated']
 ['F6' '244.72092044428342' 'mated']
 ['F3' '296.25918679477564' 'mated']
 ['F138' '323.8994365001926' 'mated']
 ['F88' '353.8959804809238' 'absent']]",2000.0,1500.0,572.0,72.31048798166094,15.276421973080785,1693.0,287.70454201849515,61.06638841278506,0.0,0.0,0.0,0.0,0.0,0.0,0.0,0.0,0.0
20,0.0,2,360.76391010540806,"[['7' '9.604983991198818' 'present']
 ['7' '18.30822670395362' 'present']
 ['10' '36.877878031805075' 'present']
 ['7' '37.101326702312036' 'present']
 ['0' '41.44434401222728' 'present']
 ['7' '43.60378086480276' 'marauded']
 ['7' '57.09712722631984' 'present']
 ['10' '66.28532421400055' 'present']
 ['10' '68.60340884534509' 'present']
 ['7' '72.46731948059926' 'present']
 ['10' '78.13971591166768' 'present']
 ['10' '78.94259832119941' 'present']
 ['7' '85.27068532214561' 'present']
 ['7' '93.5061425571135' 'present']
 ['0' '97.53351207106881' 'present']
 ['7' '103.2467298810592' 'present']
 ['10' '103.46521971486142' 'present']
 ['7' '104.09677361520703' 'marauded']
 ['10' '109.70396163163703' 'presentdestroyed']
 ['10' '109.72710977978518' 'presentdestroyed']
 ['7' '109.76202521381366' 'presentdestroyed']
 ['10' '111.42852655572842' 'present']
 ['10' '119.66258037253391' 'marauded']
 ['10' '122.09231705044407' 'presentdestroyed']
 ['0' '125.53367528491245' 'destroyed']
 ['7' '130.95541554282403' 'present']
 ['10' '135.04597583608611' 'present']
 ['10' '136.76987218781397' 'present']
 ['7' '138.2810463379743' 'present']
 ['7' '141.04762354426217' 'present']
 ['10' '141.2197397681089' 'present']
 ['10' '146.9969706348994' 'present']
 ['7' '152.71537225341922' 'present']
 ['10' '154.9727279361284' 'present']
 ['7' '165.0071413363958' 'present']
 ['7' '177.73726794901853' 'present']
 ['7' '179.83850334774897' 'present']
 ['7' '183.3212395673836' 'present']
 ['10' '192.30163717033767' 'marauded']
 ['10' '192.66469602381065' 'presentdestroyed']
 ['7' '203.8583273627942' 'present']
 ['10' '210.25872474211394' 'present']
 ['7' '212.55632377528113' 'present']
 ['10' '213.51218533602884' 'present']
 ['7' '218.9123069373706' 'present']
 ['7' '223.26591142910115' 'marauded']
 ['7' '225.0522351730733' 'presentdestroyed']
 ['7' '229.20517496141898' 'presentdestroyed']
 ['10' '231.4237403664065' 'destroyed']
 ['10' '262.0618972136078' 'marauded']
 ['10' '264.8402054251778' 'presentdestroyed']
 ['7' '276.2981793728669' 'present']
 ['7' '284.67909324391405' 'present']
 ['10' '297.1467362866188' 'present']
 ['7' '299.76074791904875' 'marauded']
 ['10' '327.2395310430019' 'present']
 ['10' '328.45079560071787' 'present']
 ['10' '334.5865192102162' 'present']
 ['10' '340.2846182160846' 'present']
 ['10' '341.36262947596555' 'present']
 ['7' '344.3143029768674' 'marauded']
 ['7' '344.79120824945716' 'presentdestroyed']
 ['7' '352.94201497923734' 'present']
 ['7' '353.86140155146404' 'present']
 ['7' '359.6244683004966' 'present']]","[['F30' '89.72967987579334' 'mated']
 ['F108' '105.3932604788642' 'absentdestroyed']
 ['F152' '178.61187329365484' 'absent']
 ['F11' '277.6015635587043' 'mated']]",2500.0,0.0,572.0,70.26040314971942,13.393299233348129,1449.0,241.43149973159882,50.970584037886965,278.0,48.572816242371516,10.804131518021775,0.0,0.0,0.0,0.0,0.0,0.0
21,0.0,7,360.50035763776503,"[['7' '0.2268456508056663' 'present']
 ['7' '40.17067833418624' 'present']
 ['16' '52.722943863062525' 'present']
 ['7' '77.66077845417239' 'present']
 ['7' '121.0932516644727' 'present']
 ['7' '141.62197695137928' 'present']
 ['7' '210.54183998970913' 'present']
 ['16' '242.30656035914095' 'present']
 ['7' '325.87439991988316' 'marauded']
 ['16' '331.6015545183167' 'presentdestroyed']
 ['7' '339.78813003674077' 'marauded']
 ['7' '343.36222719233814' 'presentdestroyed']
 ['7' '351.5064240190773' 'marauded']
 ['16' '359.9648521022723' 'marauded']]","[['F64' '53.51459103858731' 'mated']
 ['F90' '74.38736304640807' 'absent']
 ['F162' '172.17180098670067' 'mated']
 ['F188' '216.0457335300474' 'mated']
 ['F117' '222.11234846645914' 'mated']
 ['F198' '226.40050337646454' 'mated']
 ['F142' '230.89062682309324' 'mated']
 ['F83' '243.18078363889109' 'mated']]",2500.0,500.0,567.0,69.91450900272264,14.733161584439511,1617.0,271.5218287968008,58.46231340400544,104.0,18.759094855632824,4.146818846782341,0.0,0.0,0.0,0.0,0.0,0.0
22,0.0,6,359.8513543525961,"[['7' '16.61171584694008' 'present']
 ['7' '29.38534367141736' 'present']
 ['7' '48.23182023400142' 'marauded']
 ['7' '52.61459903465034' 'presentdestroyed']
 ['7' '57.73205262394283' 'marauded']
 ['7' '62.456725568104154' 'presentdestroyed']
 ['7' '66.43883861319073' 'present']
 ['7' '71.37638516387146' 'present']
 ['7' '73.91441764037413' 'present']
 ['7' '78.76324680198277' 'present']
 ['7' '94.80557228589647' 'present']
 ['7' '96.6839580911199' 'present']
 ['7' '136.7778839873039' 'present']
 ['7' '146.45995393895305' 'present']
 ['7' '153.67821580085982' 'present']
 ['7' '169.5694340305926' 'present']
 ['7' '178.48931927126822' 'marauded']
 ['7' '215.05346973263664' 'present']
 ['7' '219.76616896353607' 'present']
 ['7' '226.49852490114404' 'marauded']
 ['7' '238.2721470792322' 'present']
 ['7' '244.79050164463442' 'present']
 ['7' '276.4118132111498' 'present']
 ['7' '316.14023616319565' 'marauded']
 ['7' '319.3211414146153' 'presentdestroyed']
 ['7' '336.893563213711' 'marauded']
 ['7' '351.83053054140737' 'present']
 ['7' '354.17192343192266' 'present']]","[['F40' '5.55202069176698' 'mated']
 ['F176' '61.69294847789357' 'absentdestroyed']
 ['F90' '74.41530533300961' 'absent']
 ['F17' '105.70656161367005' 'absent']
 ['F104' '120.88151778245422' 'absent']
 ['F115' '216.1663456228705' 'mated']
 ['F101' '217.7533096532055' 'mated']
 ['F114' '236.84132671988291' 'mated']
 ['F10' '294.7133698957467' 'mated']
 ['F196' '298.5263248602778' 'absent']
 ['F52' '331.2227024347705' 'mated']]",2500.0,1000.0,578.0,68.78958346336776,13.990511253646863,1482.0,254.729268590953,54.83274810962535,217.0,36.49787443843678,7.669775137444911,0.0,0.0,0.0,0.0,0.0,0.0
23,0.0,18,360.1679231881226,"[['10' '63.536004292807554' 'marauded']
 ['10' '69.23896241232434' 'presentdestroyed']
 ['10' '102.48048121653154' 'present']
 ['7' '134.24933452471925' 'present']
 ['10' '151.35506736809128' 'present']
 ['7' '155.1273697553931' 'present']
 ['7' '161.0962045061885' 'present']
 ['10' '213.91154037709188' 'present']
 ['10' '221.93457298567188' 'present']
 ['7' '233.1295324988957' 'present']
 ['7' '241.79433554155858' 'present']
 ['7' '272.0395123394387' 'marauded']
 ['10' '292.6315003713896' 'present']
 ['10' '298.2768901524373' 'present']
 ['7' '298.5256467296981' 'present']
 ['7' '307.0135957893422' 'marauded']
 ['10' '339.73835023788337' 'present']
 ['7' '352.73763634084' 'present']
 ['10' '358.865222993117' 'marauded']]","[['F147' '55.06664188024658' 'mated']
 ['F84' '100.1847335721343' 'mated']
 ['F103' '103.44259883918157' 'mated']
 ['F193' '132.65536512366492' 'mated']
 ['F144' '134.45361900923444' 'mated']
 ['F190' '136.37341824456962' 'mated']
 ['F97' '140.51207404591443' 'mated']
 ['F122' '146.24213003097069' 'absent']
 ['F194' '174.6503404780911' 'mated']
 ['F171' '192.58636900480494' 'mated']
 ['F156' '193.90484453312092' 'mated']
 ['F185' '209.8742666145287' 'mated']
 ['F131' '240.47749712567634' 'mated']
 ['F82' '244.84982466855934' 'mated']
 ['F134' '257.7465709141976' 'mated']
 ['F45' '268.2588066213065' 'mated']
 ['F8' '268.9083415400092' 'mated']
 ['F71' '274.067797542387' 'absentdestroyed']
 ['F74' '336.85215915157545' 'mated']
 ['F126' '358.5215167302585' 'mated']]",2500.0,1500.0,567.0,69.38174449632122,14.347758009387679,1605.0,271.4086325418683,57.30429066096911,118.0,19.324347378396112,4.042959616826442,0.0,0.0,0.0,0.0,0.0,0.0
