id,probability_maraud,successful_mating,next_foraging_time,mar_attempts,mate_attempts,x_pos,y_pos,foraging_events,foraging_hrs,foraging_sqhrs,staying_events,staying_hrs,staying_sqhrs,repairing_events,repairing_hrs,repairing_sqhrs,marauding_events,marauding_hrs,marauding_sqhrs,traveling_events,traveling_hrs,traveling_sqhrs
0,0.0,11,360.1955200902065,"[['7' '7.734020521226352' 'present']
 ['19' '20.3305879989046' 'present']
 ['21' '26.047780643391455' 'present']
 ['7' '40.776573561968895' 'present']
 ['10' '48.07296433293171' 'present']
 ['10' '65.4894962490027' 'present']
 ['19' '69.80261930545082' 'marauded']
 ['11' '75.72318367873193' 'presentdestroyed']
 ['5' '80.57258546587379' 'present']
 ['15' '142.14045715994524' 'marauded']
 ['10' '148.54925272043042' 'destroyed']
 ['14' '152.79568913106357' 'present']
 ['14' '156.89277192304954' 'present']
 ['21' '199.62412640427493' 'present']
 ['11' '231.2748235422458' 'present']
 ['11' '239.01907006897656' 'marauded']
 ['17' '239.70693203201046' 'destroyed']
 ['5' '239.7755112747027' 'destroyed']
 ['15' '246.23720889671822' 'presentdestroyed']
 ['19' '246.4516900016937' 'presentdestroyed']
 ['11' '249.52867767010247' 'present']
 ['10' '251.5440519510071' 'present']
 ['15' '258.186835681591' 'present']
 ['5' '265.264452888375' 'marauded']
 ['19' '266.8557187834919' 'presentdestroyed']
 ['7' '282.50423303631754' 'marauded']
 ['14' '293.9605260321131' 'present']
 ['21' '303.67671145008046' 'present']
 ['14' '326.3688756152191' 'marauded']
 ['5' '334.68921660203176' 'marauded']]","[['F110' '29.43394105357695' 'absent']
 ['F146' '44.279508572552324' 'absent']
 ['F187' '62.835426096861696' 'mated']
 ['F57' '133.24107555481967' 'absent']
 ['F190' '137.4022602936588' 'absent']
 ['F123' '142.96602578300636' 'destroyed']
 ['F125' '156.82950936782953' 'mated']
 ['F25' '158.13249479231555' 'mated']
 ['F61' '164.17639715706713' 'mated']
 ['F148' '169.00029564534162' 'mated']
 ['F105' '176.45146180159995' 'mated']
 ['F81' '192.99353317807137' 'absent']
 ['F111' '198.05447748947003' 'absent']
 ['F35' '205.4216738419778' 'mated']
 ['F44' '209.17157973300644' 'mated']
 ['F127' '211.5113529264149' 'mated']
 ['F109' '226.42728883749214' 'mated']
 ['F142' '237.70283153177476' 'absent']
 ['F14' '266.39469427952804' 'destroyed']
 ['F139' '286.0134000758941' 'destroyed']
 ['F135' '309.21067643802354' 'mated']]",0.0,0.0,559.0,70.10057903228704,15.236166008201328,1485.0,247.1936561503212,52.83190285543649,258.0,42.86775805840853,9.246759811934526,0.0,0.0,0.0,0.0,0.0,0.0
1,0.0,8,360.2540747763176,"[['11' '1.915999559788218' 'present']
 ['7' '41.17901308618666' 'present']
 ['21' '71.30604795808317' 'marauded']
 ['15' '99.9641215059707' 'marauded']
 ['7' '101.58779353908558' 'presentdestroyed']
 ['19' '102.11146823741119' 'destroyed']
 ['10' '108.13580180874808' 'marauded']
 ['7' '112.7586143001698' 'destroyed']
 ['19' '127.02160547539101' 'present']
 ['11' '153.05879323518832' 'present']
 ['14' '161.25771299712787' 'present']
 ['21' '175.4355153131309' 'present']
 ['10' '175.60740522189892' 'present']
 ['10' '187.12202989808378' 'present']
 ['5' '187.38909287541537' 'marauded']
 ['21' '199.51853794695464' 'marauded']
 ['17' '239.71673774492132' 'marauded']
 ['11' '256.390619946597' 'present']
 ['5' '259.48639767891217' 'present']
 ['17' '261.7498126014856' 'present']
 ['7' '281.4079528349755' 'present']
 ['7' '321.3150016865179' 'marauded']
 ['14' '342.6642251221591' 'marauded']
 ['15' '351.88737673137996' 'present']]","[['F23' '11.54696163471894' 'mated']
 ['F150' '76.96280591098672' 'destroyed']
 ['F117' '85.7457050089294' 'mated']
 ['F38' '98.38629002403569' 'absent']
 ['F151' '130.89939872561285' 'absent']
 ['F213' '145.1777405152109' 'mated']
 ['F158' '184.63867218256757' 'absent']
 ['F81' '192.99121836325656' 'absentdestroyed']
 ['F178' '196.88481165689973' 'mated']
 ['F0' '226.33646054829154' 'mated']
 ['F155' '227.71865084860076' 'mated']
 ['F54' '227.8269523143401' 'absent']
 ['F103' '259.7270682100406' 'mated']
 ['F60' '277.57620723497166' 'absent']
 ['F77' '315.82362763138866' 'mated']]",0.0,100.0,558.0,69.65250064505449,13.768458950259312,1424.0,241.88935959231014,52.17754922576205,287.0,48.63629650815975,10.517608546147192,0.0,0.0,0.0,0.0,0.0,0.0
2,0.0,9,360.2486852851017,"[['14' '9.54868202849866' 'present']
 ['17' '26.218881875309023' 'present']
 ['7' '28.983666242447164' 'marauded']
 ['10' '32.262063197665' 'destroyed']
 ['15' '39.584635474904566' 'present']
 ['19' '47.513514665148634' 'present']
 ['7' '52.2491635133586' 'present']
 ['5' '61.15128034358174' 'marauded']
 ['11' '70.35237071987547' 'present']
 ['19' '70.80316560596215' 'present']
 ['19' '79.30555890526584' 'marauded']
 ['10' '92.35267197216689' 'present']
 ['5' '93.92346604643348' 'present']
 ['17' '121.51335950555679' 'marauded']
 ['19' '131.26686087533463' 'present']
 ['15' '156.38308033751358' 'present']
 ['14' '156.87748129509706' 'present']
 ['19' '166.77623627611854' 'present']
 ['15' '170.337548982362' 'present']
 ['11' '178.79400529628802' 'present']
 ['21' '180.25981892351209' 'marauded']
 ['17' '192.17661399861782' 'marauded']
 ['14' '207.64908783640476' 'present']
 ['21' '218.01503903972397' 'present']
 ['7' '222.5910993282558' 'present']
 ['15' '243.39627314685987' 'present']
 ['21' '301.4898336622989' 'present']
 ['17' '303.7872782386701' 'marauded']
 ['11' '328.279491959631' 'present']
 ['11' '330.0350050654527' 'present']
 ['11' '335.5237825199302' 'present']]","[['F80' '6.835115110727099' 'absent']
 ['F26' '42.3429069001409' 'mated']
 ['F20' '80.84450818873059' 'destroyed']
 ['F79' '102.01986489044363' 'mated']
 ['F24' '114.97949390909186' 'mated']
 ['F3' '119.5638953944387' 'mated']
 ['F64' '163.21525129227936' 'mated']
 ['F166' '175.54352294998833' 'absent']
 ['F158' '184.63635736775277' 'destroyed']
 ['F167' '188.65669213131733' 'mated']
 ['F111' '198.06911766382265' 'destroyed']
 ['F86' '201.07439237158954' 'absent']
 ['F54' '227.8292671291549' 'absent']
 ['F85' '262.28337697704757' 'mated']
 ['F161' '283.0261804813443' 'mated']
 ['F131' '316.30870223894465' 'mated']]",0.0,200.0,568.0,73.81780594439802,17.114384722280494,1454.0,243.62730348208683,52.217817989137735,255.0,42.57407314813539,8.902980826746331,0.0,0.0,0.0,0.0,0.0,0.0
3,0.0,12,360.6419402183817,"[['11' '3.6301261212097686' 'present']
 ['10' '15.828531033864245' 'present']
 ['11' '18.675336060392723' 'present']
 ['21' '25.93933091760471' 'marauded']
 ['19' '34.01129512236326' 'present']
 ['7' '39.96529096110035' 'marauded']
 ['15' '55.41313255729921' 'present']
 ['21' '58.15686762125881' 'present']
 ['17' '75.0484397334587' 'marauded']
 ['15' '82.99011455260782' 'present']
 ['11' '88.08252920691866' 'present']
 ['14' '92.31088721576444' 'marauded']
 ['15' '92.54739888064375' 'presentdestroyed']
 ['7' '107.12375386879938' 'marauded']
 ['7' '117.36220022974624' 'present']
 ['11' '143.1755158542451' 'present']
 ['21' '150.73731098948898' 'present']
 ['21' '151.38971014372603' 'marauded']
 ['14' '160.72065228128528' 'present']
 ['15' '186.5525721522478' 'present']
 ['5' '190.11808707470385' 'present']
 ['17' '232.35348531699844' 'present']
 ['15' '233.615698105538' 'present']
 ['21' '235.58091684143147' 'present']
 ['11' '241.46285525643728' 'present']
 ['14' '246.50164155692943' 'present']
 ['11' '279.3169717033065' 'present']
 ['14' '280.25075480918804' 'marauded']
 ['5' '294.231214313549' 'present']
 ['7' '294.97214622915226' 'present']
 ['14' '322.4815151870606' 'present']
 ['19' '324.66871554292743' 'present']
 ['7' '325.34936805737317' 'present']
 ['15' '352.2265428589359' 'present']
 ['11' '353.88838156784743' 'marauded']
 ['7' '355.5618131720802' 'presentdestroyed']]","[['F185' '79.03262287756719' 'absentdestroyed']
 ['F56' '124.23369725804625' 'mated']
 ['F57' '133.24339036963448' 'mated']
 ['F92' '141.64296725040094' 'mated']
 ['F165' '162.937780365508' 'mated']
 ['F214' '166.75795286858968' 'mated']
 ['F33' '176.3759546482004' 'mated']
 ['F97' '213.63722299542417' 'mated']
 ['F118' '225.37658428786617' 'mated']
 ['F181' '230.09155455243243' 'mated']
 ['F115' '279.5268259247423' 'mated']
 ['F138' '288.3629722161536' 'mated']
 ['F209' '309.2772576504323' 'absent']
 ['F136' '351.1948940213705' 'mated']]",0.0,300.0,577.0,72.25339516460762,14.551969412169647,1407.0,240.4138920097118,51.34165954611414,268.0,47.50616860284197,10.442263807462824,0.0,0.0,0.0,0.0,0.0,0.0
4,0.0,9,359.92887977712957,"[['7' '2.674586466755935' 'present']
 ['14' '2.707002102925229' 'present']
 ['15' '10.963031405455277' 'marauded']
 ['21' '21.101625272454182' 'present']
 ['10' '23.955795957713427' 'marauded']
 ['21' '25.29606715359516' 'presentdestroyed']
 ['17' '28.916753020834566' 'presentdestroyed']
 ['15' '29.18828376863448' 'presentdestroyed']
 ['11' '29.78584212285883' 'presentdestroyed']
 ['17' '96.68729471615806' 'present']
 ['5' '98.83715642595605' 'present']
 ['19' '101.3719288846791' 'present']
 ['5' '118.56574761514894' 'present']
 ['10' '136.43849530958178' 'present']
 ['15' '145.78460624394668' 'present']
 ['5' '146.8263907497644' 'present']
 ['11' '152.5513463927124' 'present']
 ['7' '173.18125170824445' 'marauded']
 ['5' '179.89969196686206' 'destroyed']
 ['19' '204.2499421443702' 'marauded']
 ['15' '206.18642144327114' 'destroyed']
 ['21' '222.01159515361047' 'present']
 ['14' '228.90782975604756' 'present']
 ['21' '231.9921772579793' 'present']
 ['14' '266.4431444661871' 'present']
 ['11' '269.39146287782347' 'present']
 ['5' '273.4135846158627' 'present']
 ['15' '279.9371853569574' 'present']
 ['5' '297.2746074859027' 'present']
 ['5' '308.6828405527286' 'present']
 ['17' '308.93447065867645' 'present']
 ['7' '312.18144270746984' 'present']
 ['17' '319.5299604149147' 'present']
 ['19' '335.8864222045314' 'present']
 ['21' '339.7930373249862' 'present']
 ['15' '343.049821422837' 'present']
 ['7' '345.96660685452787' 'present']]","[['F74' '85.31963783979954' 'mated']
 ['F30' '100.35795709555305' 'mated']
 ['F62' '102.05184814580154' 'mated']
 ['F190' '137.399945478844' 'absent']
 ['F1' '149.38046758680397' 'mated']
 ['F37' '161.43276217843103' 'mated']
 ['F119' '162.43973201789314' 'mated']
 ['F152' '182.32162146426748' 'mated']
 ['F176' '206.23648127918221' 'absentdestroyed']
 ['F48' '216.99173960809276' 'absent']
 ['F54' '227.83444321243616' 'mated']
 ['F41' '257.1710478823106' 'absent']
 ['F169' '275.4335669003275' 'mated']
 ['F209' '309.28053129293784' 'absent']]",100.0,0.0,566.0,71.8381958792867,15.181231515522542,1526.0,264.0318844575484,57.50999872910494,146.0,24.307161319222107,5.167012526009201,0.0,0.0,0.0,0.0,0.0,0.0
5,0.054,6,359.960272594311,"[['17' '11.205738495838922' 'present']
 ['10' '13.732355675598896' 'marauded']
 ['10' '25.19835528843217' 'marauded']
 ['21' '42.40620159231293' 'marauded']
 ['7' '81.19602620071427' 'marauded']
 ['11' '87.6464784905663' 'presentdestroyed']
 ['15' '88.10198976602301' 'destroyed']
 ['21' '97.15290523868333' 'present']
 ['7' '111.77409412395177' 'present']
 ['15' '113.5268368103193' 'present']
 ['15' '115.67316769671486' 'present']
 ['15' '124.30538822737263' 'present']
 ['19' '127.03649894391002' 'marauded']
 ['11' '136.82231666130104' 'present']
 ['14' '165.75190866837787' 'present']
 ['17' '171.14517774989542' 'present']
 ['10' '199.9319877072011' 'present']
 ['15' '208.44947940782157' 'marauded']
 ['17' '215.1417850351735' 'destroyed']
 ['15' '224.1899683634139' 'present']
 ['10' '255.86565518883282' 'present']
 ['19' '266.73545420559986' 'present']
 ['14' '296.1871083498915' 'present']]","[['F31' '8.600490352511104' 'mated']
 ['F153' '120.76604231966238' 'mated']
 ['F50' '155.37953074693644' 'absent']
 ['F52' '185.26278435057347' 'absent']
 ['F130' '205.5848049611523' 'mated']
 ['F48' '216.99405442290757' 'mated']
 ['F7' '285.2529996797474' 'mated']
 ['F18' '289.32127362252174' 'mated']]",100.0,100.0,577.0,71.13181475313101,14.233736199645724,1464.0,250.31769601990368,54.228974001813995,224.0,36.376318788349266,7.659635570606915,16.0,1.6000000000000003,0.1600000000000001,78.0,0.6978718832875951,0.007223079561042529
6,0.0,8,359.9954855085462,"[['14' '39.55045567687949' 'present']
 ['19' '50.79547823217043' 'present']
 ['19' '58.64473866880357' 'marauded']
 ['21' '88.97755567717856' 'present']
 ['14' '103.265981474737' 'marauded']
 ['19' '114.12886790475122' 'marauded']
 ['10' '116.41896729717783' 'presentdestroyed']
 ['15' '126.6473429922019' 'present']
 ['10' '130.7346027127538' 'marauded']
 ['14' '149.0744369410029' 'present']
 ['7' '161.40741500734208' 'marauded']
 ['10' '161.4828997908248' 'destroyed']
 ['10' '175.20400053082017' 'marauded']
 ['14' '175.53698324990418' 'presentdestroyed']
 ['15' '194.9177744262485' 'present']
 ['15' '196.38573372404906' 'marauded']
 ['19' '213.49348567186294' 'present']
 ['15' '215.40103483867898' 'present']
 ['5' '216.7858531631572' 'marauded']
 ['15' '252.7642520993634' 'present']
 ['15' '256.5795239284064' 'marauded']
 ['5' '259.7909737978772' 'presentdestroyed']
 ['5' '266.92077668156156' 'present']
 ['10' '275.85454062061467' 'marauded']
 ['19' '285.42071927926213' 'present']
 ['17' '304.8097659259686' 'present']
 ['21' '326.5709023500287' 'present']
 ['17' '343.2981548544197' 'present']
 ['14' '350.0347707414928' 'present']
 ['5' '353.8872142606033' 'present']
 ['19' '355.5321029384024' 'present']
 ['19' '356.6848475386074' 'present']]","[['F19' '128.56652068704906' 'mated']
 ['F120' '130.31936233911094' 'mated']
 ['F190' '137.40743637694004' 'destroyed']
 ['F156' '174.71875604434064' 'mated']
 ['F44' '209.1664036497252' 'absent']
 ['F13' '233.95665882669232' 'mated']
 ['F124' '264.64274129552956' 'mated']
 ['F139' '286.0185761591753' 'mated']
 ['F39' '326.73572958203636' 'mated']
 ['F200' '330.3848585834614' 'mated']]",100.0,200.0,580.0,73.52577884911841,15.241191368970847,1328.0,225.7782536929709,48.93968163038578,374.0,60.9213263861886,12.571075590151287,0.0,0.0,0.0,0.0,0.0,0.0
7,0.054,5,360.50049120380675,"[['17' '8.378141671959115' 'present']
 ['19' '25.240737595447' 'present']
 ['19' '40.5457706325783' 'present']
 ['21' '51.52823360721616' 'present']
 ['21' '59.36993153951653' 'present']
 ['19' '66.00628743534045' 'present']
 ['5' '118.13567182139222' 'present']
 ['10' '124.44151108227751' 'present']
 ['15' '126.10921675145451' 'present']
 ['10' '130.46313578072352' 'present']
 ['14' '144.14902483197343' 'present']
 ['10' '162.92627248114422' 'present']
 ['17' '165.37140520422042' 'present']
 ['17' '186.18347440257682' 'present']
 ['5' '194.96801386584178' 'present']
 ['5' '208.3585161790647' 'marauded']
 ['11' '210.69583148407494' 'presentdestroyed']
 ['19' '223.1600281568224' 'marauded']
 ['21' '234.98471917366382' 'marauded']
 ['15' '238.3656207418161' 'presentdestroyed']
 ['5' '263.8751276395557' 'marauded']
 ['11' '273.37881648679445' 'marauded']
 ['17' '282.120465006665' 'present']
 ['19' '285.40645474764136' 'present']
 ['17' '286.6806440870402' 'marauded']
 ['15' '287.865637996901' 'presentdestroyed']
 ['21' '293.9819669746208' 'destroyed']
 ['19' '298.23850196126415' 'marauded']
 ['14' '301.1056216452453' 'presentdestroyed']
 ['10' '323.0784250516553' 'present']
 ['10' '336.8291237902527' 'marauded']]","[['F20' '80.84778183123608' 'mated']
 ['F210' '151.5368868277187' 'mated']
 ['F76' '153.78423552822247' 'mated']
 ['F176' '206.23879609399702' 'mated']
 ['F90' '215.99141183837202' 'mated']
 ['F181' '230.08923973761762' 'destroyed']
 ['F126' '238.02788373522898' 'destroyed']]",100.0,300.0,568.0,73.03116597247828,15.304469199812864,1408.0,235.3680003891327,50.23766901555582,308.0,48.62106836866251,9.761654310236482,22.0,2.2000000000000006,0.22000000000000014,91.0,0.91860031144628,0.010309499314128945
8,0.0,10,360.33690597635325,"[['5' '3.197855494485968' 'marauded']
 ['14' '8.810848721224732' 'presentdestroyed']
 ['14' '16.740302202104218' 'marauded']
 ['17' '28.307924905660407' 'present']
 ['21' '28.933863175864577' 'present']
 ['14' '38.75485711886664' 'marauded']
 ['21' '45.08734991136402' 'presentdestroyed']
 ['15' '58.66938486961159' 'present']
 ['5' '60.6875126957823' 'present']
 ['14' '61.08882807381714' 'present']
 ['10' '64.8854532652657' 'present']
 ['15' '68.55060250797456' 'present']
 ['5' '78.34497766348147' 'present']
 ['14' '85.6054554823151' 'present']
 ['21' '92.10964079052063' 'present']
 ['15' '96.21041144892332' 'present']
 ['17' '99.41308798631295' 'present']
 ['11' '102.27573516433912' 'present']
 ['10' '105.36969800636524' 'marauded']
 ['15' '107.01549506813868' 'presentdestroyed']
 ['15' '123.70020860198846' 'present']
 ['11' '138.0589840691046' 'present']
 ['21' '152.62974015054763' 'present']
 ['19' '155.92838801880563' 'present']
 ['19' '164.04212086529438' 'present']
 ['7' '181.69755598458272' 'present']
 ['14' '206.13995846830932' 'present']
 ['11' '208.8878998961959' 'present']
 ['19' '219.47373197315952' 'marauded']
 ['5' '239.05237137210898' 'present']
 ['17' '268.7870428279134' 'present']
 ['19' '294.7941408749379' 'present']
 ['11' '304.78944749498424' 'marauded']
 ['15' '305.01528183788963' 'presentdestroyed']
 ['21' '340.60790541939963' 'present']
 ['15' '343.6138532367803' 'present']
 ['17' '350.4790308394037' 'marauded']
 ['17' '358.32816798164686' 'present']]","[['F98' '2.93466307135425' 'mated']
 ['F26' '42.336359615129915' 'destroyed']
 ['F114' '58.905123532298425' 'mated']
 ['F74' '85.31732302498473' 'absent']
 ['F79' '102.01331760543265' 'absent']
 ['F75' '150.13046650024688' 'mated']
 ['F166' '175.5500702349993' 'mated']
 ['F112' '184.16724682630928' 'mated']
 ['F29' '202.72391690116984' 'mated']
 ['F133' '231.95466631266981' 'mated']
 ['F13' '233.95148274341108' 'absent']
 ['F137' '236.12654569785522' 'mated']
 ['F132' '316.6110527456726' 'mated']
 ['F168' '344.93612774860406' 'mated']
 ['F136' '351.18971793808925' 'destroyed']]",200.0,0.0,566.0,70.11664409604384,15.091813720568133,1481.0,247.02642723400567,52.40448758721458,239.0,42.86092286891674,9.51752711739048,0.0,0.0,0.0,0.0,0.0,0.0
9,0.0,9,360.2953897588708,"[['17' '0.28148610901295773' 'present']
 ['21' '3.5777481341709607' 'marauded']
 ['14' '11.470401526213795' 'present']
 ['7' '22.116022649187705' 'present']
 ['15' '28.716157853160677' 'present']
 ['10' '39.32743861116201' 'present']
 ['5' '42.04330355733729' 'present']
 ['10' '43.267188951268786' 'present']
 ['11' '45.13681068144429' 'present']
 ['7' '52.841000086000086' 'present']
 ['7' '74.73368190724216' 'present']
 ['19' '78.02242234151505' 'present']
 ['5' '80.08142373383153' 'marauded']
 ['5' '95.94211665146557' 'present']
 ['15' '108.78477228345253' 'marauded']
 ['14' '120.257178045224' 'present']
 ['19' '130.60776826496226' 'present']
 ['7' '138.0985426555845' 'present']
 ['7' '139.8409767941143' 'present']
 ['19' '150.03878383854774' 'present']
 ['5' '157.32129023000238' 'present']
 ['15' '175.01128068316137' 'present']
 ['11' '192.26289857222494' 'present']
 ['14' '215.19991991873982' 'present']
 ['19' '235.52824907258528' 'marauded']
 ['21' '238.96153256846483' 'presentdestroyed']
 ['21' '241.26630023227324' 'destroyed']
 ['21' '243.01504210198155' 'present']
 ['5' '261.3754055714685' 'present']
 ['17' '261.7590718607448' 'present']
 ['21' '264.3243135151713' 'present']
 ['10' '265.7223219646247' 'present']
 ['5' '272.78342952728474' 'present']
 ['15' '285.2178231590203' 'present']
 ['7' '317.2107463497407' 'present']
 ['11' '330.02519935254185' 'present']
 ['17' '331.23801201818765' 'marauded']
 ['15' '333.4179886633449' 'presentdestroyed']
 ['19' '337.7479337028328' 'presentdestroyed']
 ['21' '349.66072562029814' 'marauded']
 ['15' '350.2400843667117' 'destroyed']]","[['F146' '44.28468465583357' 'mated']
 ['F89' '47.334006346047005' 'mated']
 ['F157' '59.537851722710734' 'mated']
 ['F208' '72.75175964996873' 'mated']
 ['F207' '102.9006437908904' 'absent']
 ['F164' '132.52676679911715' 'mated']
 ['F50' '155.38184556175125' 'mated']
 ['F94' '167.76295648570638' 'mated']
 ['F191' '175.1574041942905' 'mated']
 ['F152' '182.318347821762' 'absent']
 ['F192' '265.6747680146242' 'mated']
 ['F202' '335.17697043847795' 'absentdestroyed']]",200.0,100.0,552.0,69.52214984029317,14.806560033707235,1469.0,254.0973292833411,55.07669764613053,224.0,36.47006677712544,7.670227185692188,0.0,0.0,0.0,0.0,0.0,0.0
10,0.054,7,359.81590046168856,"[['5' '7.841457493141177' 'present']
 ['14' '24.573288852748306' 'present']
 ['15' '50.87460018408043' 'marauded']
 ['14' '62.72885131200004' 'present']
 ['15' '72.72187464540282' 'marauded']
 ['11' '94.31271042528' 'present']
 ['17' '98.5135243334364' 'present']
 ['11' '104.00203653215063' 'present']
 ['17' '123.91078129771068' 'present']
 ['19' '144.03023320091341' 'present']
 ['17' '161.62562325586245' 'present']
 ['19' '164.0317686987319' 'present']
 ['21' '187.0940625304371' 'present']
 ['15' '188.8574036858634' 'marauded']
 ['17' '197.87699388737508' 'present']
 ['11' '201.19494081807645' 'present']
 ['19' '209.74562710715344' 'present']
 ['21' '217.27252758298553' 'marauded']
 ['19' '220.91663901253952' 'presentdestroyed']
 ['15' '226.37602326581325' 'present']
 ['17' '227.39831048820835' 'marauded']
 ['17' '231.32084188219784' 'destroyed']
 ['5' '244.08289655763772' 'present']
 ['14' '269.2522211564471' 'present']
 ['21' '274.39266503333147' 'present']
 ['5' '276.67151284251264' 'present']
 ['17' '322.6469757735842' 'present']
 ['5' '326.44864136368307' 'marauded']
 ['5' '330.35514725459234' 'presentdestroyed']
 ['15' '331.3592445696005' 'presentdestroyed']
 ['7' '344.68442022270057' 'present']
 ['17' '348.98542200352796' 'present']]","[['F68' '183.4257946257963' 'mated']
 ['F96' '187.1042970180492' 'mated']
 ['F59' '188.27573614814378' 'mated']
 ['F86' '201.07902200121916' 'absent']
 ['F107' '201.54761449964278' 'mated']
 ['F188' '214.7660328021323' 'mated']
 ['F104' '241.75604844835811' 'mated']
 ['F41' '257.17663633963093' 'mated']
 ['F46' '328.3173700288407' 'destroyed']
 ['F202' '335.1792852532928' 'absent']]",200.0,200.0,559.0,73.5319449165477,15.814596792719398,1444.0,247.80516132403028,53.894289242807496,222.0,36.532619311860344,7.761397537791951,16.0,1.6000000000000003,0.1600000000000001,82.0,0.7305762646986483,0.007394547325102889
11,0.054,10,360.0116071172966,"[['19' '27.19755480660145' 'present']
 ['15' '37.88029902836744' 'present']
 ['19' '47.957448555074905' 'marauded']
 ['14' '62.62326285467973' 'marauded']
 ['21' '67.26784153609238' 'presentdestroyed']
 ['7' '110.03031202627125' 'marauded']
 ['10' '113.99303154971744' 'destroyed']
 ['7' '125.16032038155001' 'present']
 ['15' '129.72058934475243' 'marauded']
 ['17' '130.9830442036921' 'presentdestroyed']
 ['10' '162.7526693358798' 'present']
 ['15' '171.65050104271847' 'present']
 ['5' '217.2845817281753' 'present']
 ['15' '233.41474111190058' 'present']
 ['17' '241.94823387047404' 'present']
 ['7' '247.77843137424654' 'present']
 ['19' '256.01868583301956' 'present']
 ['7' '261.8033155291495' 'marauded']
 ['19' '267.74851336225976' 'presentdestroyed']
 ['21' '275.72199232850573' 'present']
 ['14' '289.59972564202155' 'present']
 ['5' '298.53291134234405' 'present']
 ['14' '301.24869335684457' 'present']
 ['14' '310.1739927506603' 'present']
 ['15' '319.0397351024837' 'marauded']]","[['F63' '45.22711837498714' 'mated']
 ['F150' '76.9693531959977' 'mated']
 ['F177' '157.5880454961705' 'mated']
 ['F55' '180.32214049355537' 'mated']
 ['F52' '185.2712340763602' 'mated']
 ['F204' '194.68967483582' 'mated']
 ['F86' '201.08133681603397' 'mated']
 ['F176' '206.23320763667672' 'absent']
 ['F205' '242.88481481055715' 'mated']
 ['F41' '257.1743215248161' 'absent']
 ['F144' '285.7550430183089' 'mated']
 ['F91' '296.60241343726256' 'mated']]",200.0,300.0,570.0,70.69276701425152,14.486531347664862,1485.0,251.20635252406709,54.070767969546615,211.0,36.4522213880665,7.982087950162949,10.0,0.9999999999999999,0.10000000000000003,75.0,0.7146682739863465,0.007544581618655696
12,0.0,10,360.49829403496415,"[['19' '5.341676941760635' 'present']
 ['7' '10.884135338331644' 'present']
 ['21' '14.685857729198563' 'present']
 ['14' '14.845508107023855' 'marauded']
 ['17' '31.2277691270659' 'present']
 ['19' '33.10418676345203' 'present']
 ['21' '51.51651023892392' 'present']
 ['15' '52.09076410706898' 'marauded']
 ['21' '56.647105895119495' 'presentdestroyed']
 ['21' '64.34019279325015' 'present']
 ['21' '77.26313454000349' 'present']
 ['11' '91.3270141517326' 'present']
 ['15' '110.86695885403535' 'present']
 ['10' '111.69853594508926' 'present']
 ['10' '117.96415036426683' 'marauded']
 ['5' '126.72395158883118' 'present']
 ['11' '175.92424318415638' 'present']
 ['11' '187.32321266310055' 'marauded']
 ['11' '196.18728763538925' 'present']
 ['11' '203.05273719004606' 'marauded']
 ['21' '241.25417970454754' 'present']
 ['7' '246.71088247357358' 'present']
 ['10' '259.13791588507155' 'present']
 ['7' '259.3902796702626' 'marauded']
 ['10' '263.9111240029709' 'destroyed']
 ['10' '273.20440472763363' 'present']
 ['21' '276.92011170922376' 'present']
 ['15' '285.3487040746518' 'marauded']
 ['17' '288.1179215255059' 'presentdestroyed']
 ['10' '290.3434862336308' 'presentdestroyed']
 ['10' '291.0715918317593' 'destroyed']
 ['17' '291.5508119118004' 'presentdestroyed']
 ['15' '295.85378821919227' 'marauded']
 ['10' '301.57096207497426' 'presentdestroyed']
 ['7' '311.37913769844306' 'present']
 ['21' '314.68520391242834' 'present']
 ['17' '315.5891152785361' 'present']
 ['14' '324.01273420635175' 'present']
 ['19' '331.5153686605608' 'present']
 ['15' '340.5151377985182' 'present']
 ['7' '359.3657226404962' 'present']]","[['F212' '64.8158812016246' 'mated']
 ['F154' '105.05993994989882' 'mated']
 ['F190' '137.41398366195102' 'mated']
 ['F194' '139.05092076881937' 'mated']
 ['F40' '144.5166004447007' 'mated']
 ['F9' '145.87466549168911' 'mated']
 ['F145' '166.15994692363267' 'mated']
 ['F52' '185.2679604338547' 'absent']
 ['F215' '216.50313630973474' 'mated']
 ['F0' '226.32610838172906' 'absent']
 ['F179' '324.22277475830856' 'mated']
 ['F199' '359.48056178744565' 'mated']]",300.0,0.0,572.0,69.4764655729165,13.543515279864895,1447.0,241.70162948366388,51.96104156506654,283.0,48.903521497331454,10.556233242599799,0.0,0.0,0.0,0.0,0.0,0.0
13,0.0,14,360.40755200350117,"[['7' '17.26402411384295' 'present']
 ['17' '24.25089960512207' 'present']
 ['21' '25.4524471625757' 'present']
 ['5' '41.56508377787109' 'marauded']
 ['10' '48.08278526044819' 'presentdestroyed']
 ['14' '48.38938114281992' 'presentdestroyed']
 ['7' '49.28994641654563' 'present']
 ['14' '54.330953063165055' 'present']
 ['21' '57.4032745836188' 'present']
 ['14' '74.32224888723492' 'present']
 ['15' '74.7945409198795' 'present']
 ['17' '77.88527521615427' 'present']
 ['10' '89.91733254330832' 'present']
 ['11' '90.71713214267618' 'present']
 ['14' '93.17039081601048' 'present']
 ['21' '101.57532616571746' 'present']
 ['15' '129.713644900308' 'present']
 ['7' '146.16326363747308' 'present']
 ['11' '162.9601867053978' 'present']
 ['15' '178.84673667081302' 'present']
 ['15' '199.3139402100946' 'present']
 ['10' '205.78095762764005' 'present']
 ['17' '209.44692159403445' 'present']
 ['17' '243.4312559145966' 'present']
 ['14' '246.69174439868428' 'present']
 ['14' '250.70857344047897' 'present']
 ['11' '256.4023433148892' 'present']
 ['14' '260.61573299246925' 'present']
 ['17' '261.977369673828' 'present']
 ['19' '272.69500017784605' 'present']
 ['17' '280.55597057342646' 'present']
 ['10' '284.33150404554766' 'present']
 ['7' '326.45303757858466' 'present']
 ['7' '331.6610808163653' 'marauded']
 ['17' '334.35953803965594' 'presentdestroyed']
 ['15' '337.57245183501766' 'presentdestroyed']]","[['F80' '6.842435197903415' 'mated']
 ['F195' '71.02424751464676' 'mated']
 ['F15' '72.88122874085408' 'mated']
 ['F113' '87.29898222198165' 'mated']
 ['F82' '116.35316785335284' 'mated']
 ['F160' '145.65801955977807' 'mated']
 ['F17' '161.11162062215953' 'absent']
 ['F73' '222.9386028939825' 'mated']
 ['F66' '232.65538246836036' 'mated']
 ['F149' '264.87480928596574' 'mated']
 ['F83' '277.5638702034242' 'mated']
 ['F101' '280.7159583469265' 'mated']
 ['F193' '287.93458618435295' 'mated']
 ['F84' '288.47312711207496' 'mated']
 ['F5' '321.0644125642672' 'mated']]",300.0,100.0,576.0,68.19155197815661,12.829396915206695,1657.0,279.8040192016332,59.743925661538654,75.0,12.181889355761822,2.538226180681933,0.0,0.0,0.0,0.0,0.0,0.0
14,0.054,12,360.42358610970797,"[['7' '12.587304357858025' 'present']
 ['7' '13.676492902459556' 'present']
 ['17' '21.886876223435873' 'present']
 ['7' '55.74782282839746' 'present']
 ['19' '68.72413158104186' 'present']
 ['21' '69.23229940942615' 'present']
 ['15' '88.52462043536153' 'present']
 ['15' '100.88046193941726' 'present']
 ['15' '110.29531166191288' 'present']
 ['5' '111.49213073163844' 'present']
 ['11' '128.17102066249234' 'present']
 ['19' '135.62785578005028' 'present']
 ['10' '139.20520953929807' 'present']
 ['17' '152.16268851660155' 'present']
 ['10' '152.42369658779174' 'present']
 ['19' '168.1137097160434' 'present']
 ['11' '173.76232842245403' 'present']
 ['7' '176.50470479445246' 'present']
 ['10' '184.38273342925947' 'present']
 ['7' '186.56297562658784' 'present']
 ['10' '211.0912080317329' 'present']
 ['15' '212.79896178692152' 'present']
 ['19' '213.50407940154474' 'present']
 ['10' '214.11660444529693' 'present']
 ['21' '236.09399023647524' 'present']
 ['17' '238.32808564396242' 'present']
 ['10' '245.0251454208713' 'present']
 ['19' '265.36272078454334' 'present']
 ['7' '281.3768604642154' 'present']
 ['21' '297.7047747030639' 'present']
 ['7' '317.2003941831782' 'present']
 ['7' '331.6493574480731' 'present']
 ['17' '347.7956319125067' 'present']
 ['19' '348.4501198117202' 'present']
 ['17' '352.296780879961' 'present']
 ['10' '354.3697748755949' 'marauded']
 ['5' '359.9458103732241' 'destroyed']]","[['F134' '13.085258528361788' 'absent']
 ['F141' '26.392320969044764' 'mated']
 ['F184' '72.2788541224784' 'mated']
 ['F147' '86.34733332997536' 'mated']
 ['F38' '98.393610111212' 'mated']
 ['F58' '101.3041401433784' 'mated']
 ['F108' '130.99036774088705' 'mated']
 ['F102' '180.75007307997174' 'mated']
 ['F45' '203.02301351481745' 'mated']
 ['F129' '213.70588022179265' 'mated']
 ['F189' '305.763768724413' 'mated']
 ['F93' '315.61349225354087' 'mated']
 ['F46' '328.3196848436555' 'mated']]",300.0,200.0,569.0,70.56054280816129,14.627848474602734,1671.0,282.9699030234647,60.47120697673326,24.0,4.1056797254082715,0.8866152044502134,17.0,1.7000000000000004,0.1700000000000001,81.0,0.7741696007869666,0.00844478737997257
15,0.054,10,360.2394906048887,"[['10' '2.1903182644792367' 'present']
 ['10' '11.265059158719206' 'marauded']
 ['14' '15.836618450458635' 'presentdestroyed']
 ['11' '16.141765128032254' 'presentdestroyed']
 ['19' '18.491688683982236' 'destroyed']
 ['5' '37.53171144501642' 'present']
 ['7' '41.27570786476028' 'marauded']
 ['10' '60.51390461755921' 'marauded']
 ['19' '75.3499713740911' 'present']
 ['5' '78.23960395389906' 'present']
 ['21' '83.81243894352066' 'present']
 ['14' '87.59491769980826' 'present']
 ['11' '96.23165947352895' 'present']
 ['7' '107.23069831324382' 'present']
 ['5' '115.55375451947717' 'present']
 ['5' '117.79275416271196' 'present']
 ['17' '130.854081547114' 'present']
 ['17' '147.25913985751993' 'present']
 ['5' '148.01772427248898' 'marauded']
 ['11' '177.47012172985538' 'present']
 ['5' '179.89082986703627' 'present']
 ['14' '184.7598713683689' 'present']
 ['7' '197.1790615837291' 'present']
 ['21' '199.94458478595018' 'present']
 ['10' '209.67086980480536' 'present']
 ['19' '247.80256210252855' 'present']
 ['19' '255.88189694201304' 'present']
 ['14' '261.39027911651027' 'present']
 ['17' '268.7766906613509' 'present']
 ['17' '273.09857883980976' 'present']
 ['5' '276.3368375816921' 'present']
 ['5' '320.89305853836123' 'present']
 ['10' '338.286775075349' 'present']
 ['21' '347.15960694165017' 'present']
 ['10' '355.40475513787993' 'present']]","[['F23' '11.538615451210921' 'destroyed']
 ['F16' '132.49519256042157' 'mated']
 ['F123' '142.97334587018267' 'mated']
 ['F21' '148.4928965699541' 'destroyed']
 ['F51' '170.69129777143587' 'mated']
 ['F158' '184.6470183660756' 'mated']
 ['F111' '198.06179757664634' 'absent']
 ['F95' '205.68053614460067' 'mated']
 ['F163' '223.94688662300524' 'mated']
 ['F116' '232.19126618766418' 'mated']
 ['F171' '232.67793470779603' 'mated']
 ['F159' '238.06812371833695' 'mated']
 ['F100' '250.72091771363273' 'absent']
 ['F144' '285.7527282034941' 'absent']
 ['F2' '330.2576357291552' 'mated']]",300.0,300.0,574.0,71.29279746597422,14.11616619095793,1580.0,261.3901290050387,55.198692213592814,141.0,24.615736635833848,5.415605083835374,18.0,1.8000000000000005,0.1800000000000001,107.0,1.008691688887859,0.01058813443072703
16,0.0,4,360.01970970774306,"[['19' '2.2499352882151396' 'marauded']
 ['19' '20.338078897000663' 'present']
 ['21' '22.62233222589314' 'present']
 ['7' '43.43098297984458' 'present']
 ['15' '50.40144399563867' 'present']
 ['21' '60.54356129940825' 'present']
 ['19' '72.74893121531706' 'marauded']
 ['7' '75.30367952671855' 'presentdestroyed']
 ['21' '80.8219525825107' 'destroyed']
 ['17' '97.50898658908075' 'present']
 ['11' '100.0595233738117' 'present']
 ['10' '101.90935476290893' 'marauded']
 ['17' '128.18255211360315' 'present']
 ['19' '154.6754131846572' 'present']
 ['7' '155.53120320560916' 'present']
 ['7' '169.55088992665074' 'present']
 ['7' '174.63844552335803' 'present']
 ['17' '179.54774546709794' 'present']
 ['15' '179.8236242043442' 'present']
 ['10' '179.83809591508108' 'present']
 ['11' '207.6997027543582' 'present']
 ['14' '215.63997926936875' 'marauded']
 ['17' '217.57094183757644' 'presentdestroyed']
 ['17' '219.69033947958889' 'presentdestroyed']
 ['14' '224.6721082372787' 'present']
 ['19' '229.11426293323694' 'present']
 ['5' '236.3812387339348' 'marauded']
 ['19' '253.27752508154586' 'present']
 ['19' '282.342541871196' 'present']
 ['14' '286.2859851850252' 'present']
 ['11' '287.95939637092584' 'marauded']
 ['15' '305.5152055447647' 'present']
 ['17' '319.52032551292353' 'present']
 ['7' '331.90205879471773' 'marauded']
 ['15' '338.0273065774391' 'presentdestroyed']
 ['14' '350.1840515141735' 'present']]","[['F98' '2.9300334417246203' 'destroyed']
 ['F63' '45.22194229170589' 'absent']
 ['F12' '180.5400370551713' 'mated']
 ['F203' '210.3617021258276' 'mated']
 ['F183' '228.82051027559964' 'mated']
 ['F36' '260.38345501913636' 'mated']]",400.0,0.0,566.0,71.9328698773733,14.648432996100757,1426.0,245.13090846094408,53.46857364491765,256.0,42.991098136436435,9.433596638629613,0.0,0.0,0.0,0.0,0.0,0.0
17,0.054,17,360.03184418033214,"[['21' '13.59034888188119' 'marauded']
 ['15' '33.05023510267651' 'present']
 ['15' '41.16256158225668' 'marauded']
 ['5' '51.58042627847082' 'marauded']
 ['21' '59.49682279483827' 'present']
 ['19' '65.10658850215466' 'present']
 ['11' '80.03247944848698' 'present']
 ['7' '87.7698976317937' 'marauded']
 ['15' '92.53527835291806' 'presentdestroyed']
 ['11' '104.52506066289882' 'present']
 ['19' '132.3043390016683' 'present']
 ['10' '132.98046207888166' 'present']
 ['15' '145.18915333253727' 'present']
 ['14' '167.54617096956133' 'present']
 ['11' '170.46299446689162' 'present']
 ['7' '200.2752072355154' 'present']
 ['10' '246.34011955449904' 'marauded']
 ['15' '248.17641270334826' 'presentdestroyed']
 ['19' '249.40217289081767' 'destroyed']
 ['10' '286.23398862508793' 'present']
 ['10' '315.8583040157359' 'present']
 ['15' '324.2854935993619' 'present']
 ['21' '326.7766723711173' 'present']]","[['F185' '79.03917016257817' 'mated']
 ['F182' '81.97249407750896' 'mated']
 ['F122' '118.6661229656517' 'mated']
 ['F128' '123.54876939595988' 'mated']
 ['F151' '130.90402835524247' 'mated']
 ['F175' '161.49690890463052' 'mated']
 ['F180' '170.97540382101081' 'mated']
 ['F49' '188.54083008162303' 'mated']
 ['F34' '206.19303319590014' 'mated']
 ['F173' '221.07077889822355' 'mated']
 ['F43' '222.69751669227963' 'mated']
 ['F99' '237.6688208957508' 'mated']
 ['F142' '237.708007615056' 'mated']
 ['F186' '259.3492591595826' 'mated']
 ['F36' '260.3811402043215' 'absent']
 ['F87' '320.60104132727247' 'mated']
 ['F106' '321.29720354496794' 'mated']
 ['F202' '335.18446133657403' 'mated']]",400.0,100.0,558.0,67.6952029218305,13.454761744042635,1521.0,259.80916885767715,56.01087245135448,184.0,30.487766087163468,6.54858174972727,14.0,1.4000000000000001,0.14000000000000007,88.0,0.8152170738884199,0.008637688614540473
18,0.0,7,360.07256525260044,"[['14' '9.181633833275134' 'present']
 ['7' '19.381998771350194' 'present']
 ['10' '29.180446959662884' 'present']
 ['15' '38.54335246743698' 'present']
 ['5' '50.230733927943945' 'present']
 ['19' '57.103585379728095' 'present']
 ['21' '60.550108584419235' 'present']
 ['17' '66.88750326168034' 'marauded']
 ['14' '82.49323013129035' 'present']
 ['15' '85.13585960872624' 'marauded']
 ['7' '94.85612569543619' 'present']
 ['21' '98.38764061733086' 'present']
 ['7' '112.03825791490961' 'present']
 ['7' '112.64611812971224' 'marauded']
 ['15' '120.92701528449554' 'present']
 ['21' '123.89776210995294' 'present']
 ['7' '133.27603130928807' 'present']
 ['21' '145.62791493620307' 'present']
 ['10' '151.754827725563' 'present']
 ['11' '161.35853924326454' 'present']
 ['7' '162.9185985071582' 'present']
 ['5' '166.6464137459944' 'present']
 ['15' '173.8433846261138' 'present']
 ['11' '176.6434514471594' 'present']
 ['21' '180.36636620852306' 'marauded']
 ['14' '194.6867133500274' 'present']
 ['19' '223.63447505294522' 'marauded']
 ['5' '228.73646648343723' 'presentdestroyed']
 ['11' '229.6945570806478' 'presentdestroyed']
 ['15' '267.2593650270571' 'present']
 ['17' '293.7208730021477' 'present']
 ['21' '294.5020217375329' 'present']
 ['11' '297.2331219387123' 'present']
 ['15' '298.52349996758994' 'present']]","[['F143' '25.090468400141564' 'mated']
 ['F28' '133.24302824633796' 'mated']
 ['F67' '150.14462140985307' 'mated']
 ['F105' '176.44491451658897' 'absent']
 ['F27' '186.10453496165513' 'destroyed']
 ['F111' '198.04793020445905' 'absent']
 ['F70' '199.43814664969906' 'mated']
 ['F0' '226.3312844650103' 'destroyed']
 ['F14' '266.401241564539' 'mated']
 ['F198' '293.48418377519187' 'mated']
 ['F201' '353.70285698915717' 'mated']]",400.0,200.0,565.0,71.58356752763933,14.938942352060518,1520.0,257.7388656540935,55.63933968933463,185.0,30.692390511813407,6.414567629037766,0.0,0.0,0.0,0.0,0.0,0.0
19,0.054,7,360.20276757086447,"[['11' '2.187856485540838' 'present']
 ['10' '5.902499106590718' 'present']
 ['7' '7.74423860817629' 'present']
 ['21' '11.756544570964744' 'present']
 ['11' '25.007198725163814' 'present']
 ['21' '57.56065341669452' 'present']
 ['7' '73.87231599751786' 'present']
 ['7' '87.62158201447693' 'present']
 ['7' '92.12898082779724' 'marauded']
 ['21' '98.81884416803967' 'presentdestroyed']
 ['10' '100.38412653823706' 'present']
 ['7' '104.88596652558948' 'present']
 ['17' '109.9041598111617' 'present']
 ['14' '118.30139274970797' 'marauded']
 ['17' '130.38977564006666' 'present']
 ['21' '139.81912179536212' 'present']
 ['11' '172.58309041960072' 'marauded']
 ['17' '173.23801783827915' 'presentdestroyed']
 ['21' '173.58799725599886' 'presentdestroyed']
 ['15' '177.43232852031412' 'destroyed']
 ['5' '194.23307383602938' 'marauded']
 ['17' '200.4089335510356' 'destroyed']
 ['10' '202.52676849376948' 'present']
 ['10' '213.25675036246778' 'present']
 ['5' '221.7873197038087' 'present']
 ['14' '248.90334467874504' 'present']
 ['21' '264.39590490603507' 'present']
 ['17' '273.33982270062927' 'marauded']
 ['11' '276.62439519646574' 'presentdestroyed']
 ['10' '278.8957462691298' 'presentdestroyed']
 ['10' '281.6576084531079' 'present']
 ['5' '297.26394648757986' 'present']
 ['11' '302.7658836054168' 'marauded']
 ['21' '306.4025811853462' 'presentdestroyed']
 ['21' '312.2074892505046' 'present']]","[['F110' '29.4391171368582' 'absent']
 ['F53' '71.03555254391158' 'mated']
 ['F4' '127.60244617855507' 'mated']
 ['F194' '139.04764712631388' 'absent']
 ['F42' '151.14556015133704' 'mated']
 ['F65' '183.48789675667516' 'mated']
 ['F78' '190.7286348203566' 'mated']
 ['F88' '195.17892180526482' 'destroyed']
 ['F174' '229.39985011613817' 'mated']
 ['F126' '238.03482817967344' 'mated']]",400.0,300.0,577.0,67.4858479236523,12.907457384574249,1515.0,253.60043217003326,53.799700787308524,218.0,36.432064114645996,7.646994081839058,18.0,1.8000000000000005,0.1800000000000001,88.0,0.8465806591738599,0.009259259259259264
20,0.0,7,360.1925280730807,"[['19' '2.2443468308948313' 'present']
 ['5' '8.206114566025022' 'present']
 ['7' '38.5373566801635' 'present']
 ['5' '39.4454252360338' 'marauded']
 ['19' '46.68206535261807' 'destroyed']
 ['14' '53.19927988570005' 'marauded']
 ['17' '60.49619949763436' 'presentdestroyed']
 ['5' '70.70116901882867' 'present']
 ['11' '90.70463597221861' 'present']
 ['15' '133.26135803380507' 'present']
 ['11' '137.84204838866822' 'present']
 ['17' '154.6615137192738' 'marauded']
 ['17' '157.90366194101156' 'presentdestroyed']
 ['17' '161.63407298164918' 'presentdestroyed']
 ['15' '170.35004515281955' 'present']
 ['5' '172.45534453043882' 'present']
 ['19' '185.72638455599363' 'present']
 ['11' '197.96879025909513' 'present']
 ['17' '199.6326823655736' 'present']
 ['7' '199.63454229935775' 'present']
 ['19' '204.2393484146884' 'present']
 ['17' '221.95184375384133' 'present']
 ['11' '225.6119155755418' 'present']
 ['21' '226.63314118727726' 'present']
 ['5' '233.51834415507165' 'present']
 ['21' '258.20532292450184' 'present']
 ['17' '259.37114629045357' 'marauded']
 ['14' '285.28466151699774' 'present']
 ['7' '286.51463447756487' 'marauded']
 ['21' '292.1355479455509' 'presentdestroyed']
 ['11' '294.419607071559' 'present']
 ['7' '295.9141349339513' 'present']
 ['21' '313.5502266802742' 'present']
 ['14' '333.7952172098882' 'present']
 ['14' '334.3384114629161' 'present']
 ['15' '349.0182472458593' 'present']]","[['F134' '13.092749426457852' 'mated']
 ['F197' '79.18019445566972' 'mated']
 ['F72' '144.97178009798697' 'absent']
 ['F12' '180.5377222403565' 'absent']
 ['F162' '186.84722000478376' 'mated']
 ['F178' '196.87690838476462' 'absent']
 ['F8' '206.95613112140916' 'mated']
 ['F44' '209.15985636471422' 'absent']
 ['F10' '224.19395967281454' 'mated']
 ['F100' '250.72609379691397' 'mated']
 ['F36' '260.377866561816' 'absentdestroyed']
 ['F18' '289.3160975392405' 'destroyed']
 ['F209' '309.28516092256746' 'mated']
 ['F5' '321.05923648098593' 'absent']]",500.0,0.0,559.0,71.61816076334759,15.066005666668483,1546.0,257.86255351775793,54.97289242326744,180.0,30.626500893890586,6.733374669859047,0.0,0.0,0.0,0.0,0.0,0.0
21,0.054,4,360.1735807636491,"[['5' '34.35902332105089' 'present']
 ['15' '39.00662094217024' 'present']
 ['19' '44.099534038535296' 'present']
 ['5' '104.39896484544467' 'present']
 ['19' '106.83408772816212' 'marauded']
 ['19' '130.76611723753945' 'marauded']
 ['5' '155.6116291913444' 'present']
 ['7' '164.16456332406753' 'marauded']
 ['10' '179.12377458393934' 'present']
 ['15' '192.68068083658184' 'present']
 ['10' '213.24425419201023' 'present']
 ['5' '228.12493162355963' 'present']
 ['19' '243.25039889736567' 'present']
 ['7' '246.59915910528136' 'marauded']
 ['5' '276.6636095703775' 'present']
 ['17' '289.54863340387277' 'present']
 ['7' '314.14115087925865' 'present']
 ['14' '321.5671535934133' 'present']
 ['19' '356.65526829272494' 'present']]","[['F6' '97.14109320038601' 'mated']
 ['F82' '116.34853822372321' 'absent']
 ['F164' '132.5198223546727' 'destroyed']
 ['F17' '161.11625025178915' 'mated']
 ['F51' '170.6847504864249' 'destroyed']
 ['F71' '188.78799200073664' 'mated']
 ['F88' '195.18409788854606' 'mated']]",500.0,100.0,562.0,72.22741784803088,15.558294136965683,1534.0,261.29102183078845,55.89923314640157,149.0,24.32982700576541,4.953465090073126,13.0,1.3,0.13000000000000006,94.0,0.915924187238835,0.0099022633744856
22,0.0,10,360.63372687551407,"[['14' '14.452411843268852' 'present']
 ['21' '21.265837599716296' 'present']
 ['7' '31.38575417721129' 'marauded']
 ['5' '33.09932864557016' 'presentdestroyed']
 ['15' '37.887789926463505' 'destroyed']
 ['15' '50.02839837202014' 'present']
 ['17' '63.02904952371538' 'present']
 ['19' '76.6355328285424' 'present']
 ['7' '95.97465917825485' 'present']
 ['11' '122.21131557989091' 'present']
 ['21' '128.83489613460424' 'present']
 ['14' '136.73582292620122' 'marauded']
 ['7' '165.9316645349878' 'present']
 ['14' '174.02238299169744' 'present']
 ['14' '176.55374057483996' 'marauded']
 ['15' '180.72450139235912' 'presentdestroyed']
 ['14' '217.14799398698742' 'present']
 ['5' '223.97097159262051' 'present']
 ['15' '258.19933185204854' 'present']
 ['17' '260.92239335440587' 'marauded']
 ['11' '269.4020566075053' 'present']
 ['10' '274.18757827718383' 'present']
 ['5' '278.850021255172' 'present']
 ['10' '298.8938352546119' 'marauded']
 ['11' '299.939456744624' 'destroyed']
 ['5' '301.84777305893675' 'presentdestroyed']
 ['21' '310.6412680612112' 'present']
 ['14' '318.3742406701328' 'present']
 ['15' '321.7316830539355' 'present']
 ['17' '332.54004511715374' 'present']
 ['15' '349.7961713244041' 'present']]","[['F110' '29.442390779363695' 'mated']
 ['F207' '102.90796387806671' 'mated']
 ['F47' '114.80480512979135' 'mated']
 ['F32' '120.3140262503931' 'mated']
 ['F11' '132.69231288953404' 'mated']
 ['F194' '139.04437348380839' 'absentdestroyed']
 ['F72' '144.97640972761658' 'mated']
 ['F211' '173.84195281502016' 'mated']
 ['F121' '176.44745506542785' 'mated']
 ['F65' '183.48462311416966' 'destroyed']
 ['F81' '192.99870926135262' 'mated']
 ['F178' '196.88153801439424' 'absent']
 ['F140' '253.8591750952095' 'mated']]",500.0,200.0,578.0,66.1441970061853,12.014065696699113,1561.0,263.3412552897821,56.38949777776435,170.0,30.521163084183254,6.697593620822455,0.0,0.0,0.0,0.0,0.0,0.0
23,0.0,10,360.2342812893968,"[['14' '5.8411097570529344' 'marauded']
 ['21' '16.374950028614997' 'present']
 ['17' '27.510307381321123' 'present']
 ['19' '32.36249724299454' 'present']
 ['7' '47.616026535800636' 'present']
 ['10' '49.51850098534364' 'present']
 ['15' '51.77170430295934' 'present']
 ['21' '84.11716765648463' 'present']
 ['10' '87.0002461051755' 'present']
 ['17' '96.69979088661563' 'present']
 ['7' '97.02763880165388' 'present']
 ['17' '106.62243038116839' 'present']
 ['7' '110.13725647071568' 'present']
 ['21' '119.38607512114342' 'present']
 ['11' '123.86342489345996' 'marauded']
 ['21' '124.8793633340435' 'destroyed']
 ['10' '137.23029952060764' 'present']
 ['19' '157.181811767913' 'marauded']
 ['7' '167.37336968481966' 'marauded']
 ['14' '175.26478957542005' 'present']
 ['10' '179.65652531800728' 'present']
 ['5' '181.3389194356581' 'present']
 ['19' '185.73197301331393' 'present']
 ['14' '190.62708264423057' 'marauded']
 ['21' '206.93642707794575' 'marauded']
 ['15' '228.77235065974452' 'marauded']
 ['15' '240.14039457173212' 'present']
 ['10' '240.5209040147039' 'present']
 ['14' '242.26138988234612' 'present']
 ['14' '249.2552516223819' 'marauded']
 ['15' '253.28359321020457' 'presentdestroyed']
 ['11' '256.4144638426149' 'destroyed']
 ['7' '258.164783423308' 'present']
 ['10' '260.97665021826253' 'present']
 ['21' '266.44375718601793' 'present']
 ['11' '273.36955722753515' 'present']
 ['19' '284.8371469705262' 'marauded']
 ['5' '314.3053202346726' 'present']
 ['21' '341.2003354717976' 'present']
 ['15' '350.6373989427977' 'present']
 ['15' '351.966006271449' 'present']]","[['F134' '13.090434611643037' 'destroyed']
 ['F110' '29.430667411071457' 'absent']
 ['F22' '32.32263713877811' 'mated']
 ['F196' '57.11060738660421' 'mated']
 ['F4' '127.60013136374026' 'destroyed']
 ['F172' '132.8366075561483' 'mated']
 ['F21' '148.49752619958372' 'mated']
 ['F27' '186.10780860416062' 'mated']
 ['F111' '198.07239130632814' 'mated']
 ['F44' '209.1575415498994' 'destroyed']
 ['F206' '221.28299009175066' 'mated']
 ['F69' '228.11710082060384' 'mated']
 ['F13' '233.94416265623477' 'destroyed']
 ['F60' '277.5813833182529' 'mated']
 ['F5' '321.0569216661711' 'absent']
 ['F170' '322.2491006777414' 'mated']]",500.0,300.0,575.0,67.96644829680986,13.18006035364884,1392.0,237.52998590988764,51.66136825643227,303.0,54.64734598412535,11.774250318504336,0.0,0.0,0.0,0.0,0.0,0.0
