id,probability_maraud,successful_mating,next_foraging_time,mar_attempts,mate_attempts,x_pos,y_pos,foraging_events,foraging_hrs,foraging_sqhrs,staying_events,staying_hrs,staying_sqhrs,repairing_events,repairing_hrs,repairing_sqhrs,marauding_events,marauding_hrs,marauding_sqhrs,traveling_events,traveling_hrs,traveling_sqhrs
0,0.054,8,360.32667002247166,"[['10' '4.36084179054998' 'present']
 ['10' '7.019436565411488' 'present']
 ['2' '9.95022737316226' 'marauded']
 ['9' '10.84289192368738' 'presentdestroyed']
 ['7' '11.287387754093468' 'presentdestroyed']
 ['1' '12.594638690737229' 'presentdestroyed']
 ['7' '13.920566533169925' 'presentdestroyed']
 ['5' '20.384213664963237' 'marauded']
 ['9' '27.267735892209533' 'destroyed']
 ['7' '36.70277616047802' 'marauded']
 ['4' '40.816148909308026' 'presentdestroyed']
 ['4' '54.470074967882105' 'present']
 ['2' '59.07848676899637' 'present']
 ['9' '59.169926256661086' 'present']
 ['11' '60.194374715633884' 'present']
 ['4' '73.98992661650472' 'marauded']
 ['1' '84.654747428415' 'present']
 ['9' '84.8168955013453' 'marauded']
 ['4' '92.94647644420074' 'presentdestroyed']
 ['2' '94.28437113001017' 'present']
 ['11' '99.58255576799503' 'present']
 ['3' '111.34114311108796' 'present']
 ['7' '112.43475800639837' 'present']
 ['7' '113.23844520929629' 'present']
 ['4' '113.28410879736141' 'marauded']
 ['5' '120.65007366479293' 'destroyed']
 ['9' '129.97477964606833' 'marauded']
 ['10' '139.37408322265946' 'marauded']
 ['3' '146.77328191335056' 'present']
 ['11' '149.04223912892368' 'present']
 ['3' '149.6633106223171' 'present']
 ['1' '157.95879445349166' 'present']
 ['2' '159.69658748119753' 'present']
 ['11' '160.12656918256133' 'marauded']
 ['2' '161.03408068028853' 'presentdestroyed']
 ['3' '161.2358229937924' 'presentdestroyed']
 ['11' '167.02795865026695' 'presentdestroyed']
 ['5' '175.6055658486013' 'present']
 ['4' '187.2824295410297' 'present']
 ['2' '189.78814686644196' 'present']
 ['11' '190.5464918678382' 'present']
 ['3' '196.73336153442003' 'marauded']
 ['4' '198.80779248105958' 'destroyed']
 ['3' '202.0241774017644' 'presentdestroyed']
 ['1' '202.20496191446045' 'presentdestroyed']
 ['10' '209.1390690340495' 'present']
 ['4' '229.65050984878445' 'present']
 ['1' '231.16554160679337' 'present']
 ['9' '240.07461525140292' 'present']
 ['7' '250.0255695813941' 'present']
 ['10' '251.41292275392902' 'present']
 ['7' '253.5403670402648' 'present']
 ['5' '259.1253676632638' 'present']
 ['2' '291.5018545117082' 'present']
 ['2' '293.95611221934104' 'present']
 ['2' '294.6774640312737' 'marauded']
 ['7' '296.46059058855263' 'presentdestroyed']
 ['9' '301.3235751410902' 'presentdestroyed']
 ['4' '306.3675025538728' 'present']
 ['9' '308.5463410861741' 'marauded']
 ['9' '314.3064382265402' 'presentdestroyed']
 ['5' '315.1822399505103' 'presentdestroyed']
 ['1' '317.3682362418165' 'present']
 ['9' '318.94109050413164' 'present']
 ['7' '318.9915343648198' 'marauded']
 ['5' '328.9585385024765' 'present']
 ['1' '330.2425727809674' 'present']
 ['1' '332.52691874212513' 'present']
 ['5' '338.0772127988146' 'present']
 ['9' '357.32946679041726' 'present']
 ['5' '358.43967969764594' 'present']
 ['7' '358.8017098015313' 'present']
 ['7' '359.14613934382095' 'marauded']]","[['F77' '47.358871478365444' 'mated']
 ['F57' '67.02916302167844' 'mated']
 ['F86' '94.2538009824008' 'mated']
 ['F48' '111.50146758498664' 'mated']
 ['F9' '156.90774941456596' 'mated']
 ['F0' '163.1442127014547' 'destroyed']
 ['F1' '187.82967346878485' 'absent']
 ['F41' '225.72782341202327' 'absent']
 ['F19' '239.74751609462487' 'absent']
 ['F82' '251.02684870667056' 'mated']
 ['F6' '259.71402856442745' 'mated']
 ['F43' '263.43928366394846' 'mated']
 ['F98' '297.6945099024117' 'destroyed']
 ['F37' '313.60586022910576' 'destroyed']]",0.0,0.0,572.0,70.41495237992179,14.403684702136369,1258.0,208.13639613036364,43.951885242208256,465.0,80.07248001849939,17.27957812921294,11.0,1.0999999999999999,0.11000000000000004,67.0,0.43307613869940526,0.0030649862825788765
1,0.054,9,360.5313788764445,"[['2' '10.12904591027813' 'present']
 ['2' '10.449228955072387' 'present']
 ['3' '15.368323832284391' 'present']
 ['3' '15.801727523298203' 'present']
 ['3' '48.163087155865334' 'present']
 ['7' '48.557798069249756' 'present']
 ['2' '52.56701955619724' 'present']
 ['0' '65.53220064765729' 'present']
 ['4' '69.96472620197288' 'present']
 ['9' '84.41457010345543' 'present']
 ['7' '97.4823120428416' 'present']
 ['7' '101.95029743062871' 'marauded']
 ['9' '103.456793331718' 'presentdestroyed']
 ['5' '106.90272692673157' 'destroyed']
 ['5' '111.35950451304117' 'present']
 ['0' '112.05977747462069' 'present']
 ['5' '114.55329785876852' 'marauded']
 ['3' '122.33148898957639' 'present']
 ['9' '125.18117297891676' 'present']
 ['4' '134.78831845678167' 'marauded']
 ['0' '137.20211484362872' 'presentdestroyed']
 ['10' '141.03121400402514' 'destroyed']
 ['7' '141.3769500923751' 'presentdestroyed']
 ['0' '149.19709925346524' 'present']
 ['0' '158.44969367025485' 'marauded']
 ['3' '163.56478642289952' 'destroyed']
 ['9' '167.26681040829996' 'present']
 ['9' '169.6897073181179' 'marauded']
 ['3' '170.43820275031752' 'presentdestroyed']
 ['9' '190.52383150295827' 'present']
 ['0' '207.61999570082943' 'present']
 ['4' '211.2808792825804' 'present']
 ['9' '212.1599923867906' 'present']
 ['0' '212.56454871802293' 'marauded']
 ['5' '215.73701120349946' 'presentdestroyed']
 ['9' '221.8453236927409' 'present']
 ['11' '222.22740915784445' 'marauded']
 ['2' '229.45475638817794' 'present']
 ['0' '240.84822784386716' 'present']
 ['5' '244.340780638717' 'present']
 ['11' '249.40016382811544' 'present']
 ['7' '249.63365445437427' 'present']
 ['11' '261.0486019957044' 'marauded']
 ['7' '268.70516595087724' 'marauded']
 ['10' '272.16663698274516' 'presentdestroyed']
 ['11' '273.13012763967527' 'presentdestroyed']
 ['3' '279.1256364395235' 'present']
 ['4' '286.9516677098211' 'present']
 ['11' '293.39031364478666' 'present']
 ['11' '309.0110463837614' 'present']
 ['9' '309.7928210611725' 'marauded']
 ['4' '309.8038003628742' 'destroyed']
 ['4' '318.2433275825449' 'present']
 ['5' '330.26031876159465' 'present']
 ['4' '331.1844345660401' 'present']
 ['5' '334.0175834593226' 'marauded']
 ['3' '338.69698655936844' 'presentdestroyed']
 ['3' '351.1438302073843' 'marauded']
 ['5' '355.8453678676209' 'presentdestroyed']]","[['F103' '21.667804964821787' 'mated']
 ['F8' '80.33879359786101' 'mated']
 ['F99' '123.2850642910203' 'mated']
 ['F97' '145.25238720359562' 'absent']
 ['F12' '146.6028629621131' 'mated']
 ['F0' '163.14652751626951' 'destroyed']
 ['F1' '187.83198828359966' 'mated']
 ['F74' '194.89079476262566' 'mated']
 ['F47' '224.59556288989785' 'absentdestroyed']
 ['F89' '229.49511875791725' 'mated']
 ['F23' '248.55160971398553' 'mated']
 ['F18' '261.2306106335681' 'destroyed']
 ['F93' '264.12445492810895' 'destroyed']
 ['F67' '266.9623238435966' 'destroyed']
 ['F79' '269.6599146820779' 'destroyed']
 ['F56' '275.37515167697325' 'destroyed']
 ['F38' '277.26692096346216' 'mated']]",0.0,100.0,568.0,69.88705528083727,14.354139863722304,1259.0,215.53250798183487,47.080004407965774,408.0,73.43569731188383,16.903414453253887,7.0,0.7,0.07,73.0,0.5120885896478852,0.003943758573388205
2,0.054,10,360.1054517318235,"[['0' '0.625135177948843' 'marauded']
 ['5' '8.684336933860418' 'present']
 ['7' '15.283219774244808' 'present']
 ['10' '19.39272060877844' 'present']
 ['0' '20.268879489839076' 'present']
 ['5' '20.37862520764293' 'present']
 ['4' '33.00196471230592' 'marauded']
 ['5' '34.22403410233798' 'presentdestroyed']
 ['0' '34.49385275587983' 'presentdestroyed']
 ['10' '45.25288656462664' 'present']
 ['7' '47.68847019744667' 'present']
 ['10' '48.613957139369475' 'present']
 ['9' '56.87170719203906' 'present']
 ['1' '71.41325632772656' 'present']
 ['11' '83.77564181739933' 'present']
 ['9' '90.98956201914655' 'present']
 ['5' '109.79479170511928' 'present']
 ['5' '113.23409978163997' 'present']
 ['9' '113.97023357260265' 'present']
 ['4' '123.62377479519782' 'present']
 ['3' '141.07205490999343' 'marauded']
 ['3' '146.77887037067086' 'presentdestroyed']
 ['3' '148.43702340960155' 'present']
 ['9' '155.92528317064702' 'present']
 ['3' '163.55360950825892' 'present']
 ['9' '167.91430406558578' 'present']
 ['5' '174.41940601660548' 'present']
 ['7' '184.38017767419987' 'present']
 ['4' '186.13768039373946' 'present']
 ['10' '198.764384377763' 'present']
 ['4' '211.2752908252601' 'present']
 ['0' '219.1770901926084' 'marauded']
 ['3' '220.1933333334745' 'presentdestroyed']
 ['4' '225.17693514759802' 'destroyed']
 ['4' '227.78185183000494' 'present']
 ['1' '238.71881402668063' 'present']
 ['11' '249.97635217711147' 'present']
 ['3' '251.89620207054844' 'marauded']
 ['5' '262.1119977065233' 'present']
 ['7' '265.60337186594774' 'present']
 ['10' '276.510525723877' 'present']
 ['10' '278.038571056412' 'present']
 ['4' '282.6313570488338' 'present']
 ['4' '287.1287812004419' 'present']
 ['9' '292.78814689836565' 'present']
 ['1' '294.5715394046968' 'present']
 ['5' '295.063831675409' 'present']
 ['5' '295.82973683486904' 'marauded']
 ['9' '298.8921839452' 'presentdestroyed']
 ['5' '302.37374656032483' 'presentdestroyed']
 ['3' '305.5961957101623' 'marauded']
 ['11' '305.8323766801464' 'presentdestroyed']
 ['7' '308.19926204893585' 'presentdestroyed']
 ['0' '308.23520006510614' 'presentdestroyed']
 ['7' '308.92224365691135' 'presentdestroyed']
 ['1' '325.32778295269884' 'present']
 ['4' '328.42912086561404' 'present']
 ['4' '338.87761697235163' 'present']
 ['5' '339.26246847936585' 'present']
 ['0' '343.8232416464219' 'present']
 ['7' '349.69837282804696' 'present']
 ['0' '356.4147836997318' 'marauded']]","[['F100' '16.1517710152439' 'absent']
 ['F90' '88.1519947035483' 'mated']
 ['F70' '94.00746446566929' 'mated']
 ['F34' '114.0036223579778' 'mated']
 ['F63' '116.42736517469399' 'mated']
 ['F44' '139.9745078483066' 'mated']
 ['F21' '159.0664914892258' 'mated']
 ['F5' '174.6479621285464' 'mated']
 ['F35' '179.71087813878108' 'absent']
 ['F14' '200.23598431547418' 'mated']
 ['F53' '220.38727202260284' 'destroyed']
 ['F84' '224.72560381818278' 'destroyed']
 ['F41' '225.72550859720846' 'destroyed']
 ['F96' '243.82907960208752' 'absent']
 ['F54' '261.941538956541' 'mated']
 ['F45' '263.0336308941846' 'mated']
 ['F98' '297.69682471722655' 'destroyed']]",0.0,200.0,566.0,70.36957298164566,14.865444981125613,1437.0,242.09770855100476,51.46412646112267,271.0,45.59379947263941,10.028482086595929,16.0,1.6000000000000003,0.1600000000000001,88.0,0.6014734775616133,0.0045224622770919124
3,0.054,12,360.414493420891,"[['1' '4.462079566010786' 'present']
 ['5' '9.63838462684527' 'present']
 ['2' '15.258698582348828' 'present']
 ['10' '18.65191751368178' 'present']
 ['0' '18.956877869931372' 'marauded']
 ['7' '21.55282740924431' 'presentdestroyed']
 ['4' '27.277718204228727' 'present']
 ['5' '29.745042850105992' 'present']
 ['7' '37.97405690213885' 'present']
 ['1' '41.57808979979776' 'present']
 ['7' '57.87135666219645' 'marauded']
 ['2' '60.70045793591143' 'destroyed']
 ['10' '64.38756341013462' 'presentdestroyed']
 ['1' '68.90216069591288' 'present']
 ['1' '70.03439373310894' 'present']
 ['4' '74.95554416347866' 'present']
 ['11' '82.07807924050366' 'marauded']
 ['11' '88.25093894366985' 'presentdestroyed']
 ['9' '90.48920478742455' 'presentdestroyed']
 ['1' '100.48838355559056' 'present']
 ['11' '102.19738056801118' 'present']
 ['10' '104.94506290899488' 'present']
 ['0' '109.80289311669489' 'present']
 ['4' '113.64271610570327' 'present']
 ['11' '119.34140023413262' 'present']
 ['1' '124.13543261300218' 'present']
 ['10' '125.75894233803801' 'present']
 ['9' '129.9678352016239' 'present']
 ['4' '146.0240127599861' 'present']
 ['10' '175.92468638526242' 'marauded']
 ['5' '177.137477371936' 'presentdestroyed']
 ['11' '186.3365830215399' 'present']
 ['11' '186.68877304112362' 'present']
 ['10' '187.1862188475679' 'present']
 ['2' '188.31179016787942' 'marauded']
 ['2' '189.79373532376226' 'presentdestroyed']
 ['1' '191.64415866537942' 'presentdestroyed']
 ['4' '192.609584989279' 'presentdestroyed']
 ['10' '192.8787306535308' 'destroyed']
 ['11' '193.13001169357247' 'presentdestroyed']
 ['4' '198.7918518571768' 'present']
 ['0' '211.09548199048876' 'present']
 ['2' '211.9534318824994' 'marauded']
 ['7' '214.40375565878458' 'presentdestroyed']
 ['9' '218.4902271185613' 'presentdestroyed']
 ['7' '228.17711241123706' 'present']
 ['5' '231.35311515246013' 'present']
 ['0' '234.71097119160987' 'present']
 ['9' '240.67311879998923' 'present']
 ['9' '241.4518920485739' 'present']
 ['0' '243.4695578136405' 'marauded']
 ['5' '243.82988159181002' 'presentdestroyed']
 ['2' '245.47036962597363' 'presentdestroyed']
 ['1' '248.9303802397264' 'presentdestroyed']
 ['9' '249.01332811071066' 'presentdestroyed']
 ['9' '256.32859840944406' 'marauded']
 ['5' '264.2270910565393' 'present']
 ['9' '265.3401671989784' 'present']
 ['7' '270.1315581985802' 'present']
 ['2' '286.3287348314187' 'present']
 ['4' '287.12319274312154' 'present']
 ['0' '288.3368048803028' 'present']
 ['5' '291.5200490564054' 'present']
 ['5' '298.5728029453329' 'present']
 ['0' '303.3137876010769' 'present']
 ['10' '313.06631150388984' 'marauded']
 ['2' '321.09969502097147' 'presentdestroyed']
 ['9' '321.1649086161536' 'present']
 ['4' '322.60099231820556' 'present']
 ['9' '323.38899294562' 'present']
 ['5' '326.3764318962187' 'present']
 ['0' '330.8762782617769' 'present']
 ['0' '331.75708397006866' 'present']
 ['5' '335.22945657961776' 'present']
 ['0' '339.48418616083484' 'present']
 ['7' '353.3924307310113' 'marauded']
 ['9' '355.51297921954523' 'presentdestroyed']]","[['F13' '12.014699178113153' 'mated']
 ['F100' '16.155044657749393' 'mated']
 ['F4' '68.13669516755266' 'mated']
 ['F64' '128.7582674491908' 'mated']
 ['F66' '145.89900831280826' 'mated']
 ['F27' '169.34920374172157' 'mated']
 ['F106' '205.93376247205853' 'mated']
 ['F80' '206.21202796956445' 'mated']
 ['F32' '222.90672882216933' 'mated']
 ['F33' '225.13312102121242' 'mated']
 ['F6' '247.71171374961264' 'absentdestroyed']
 ['F54' '261.927913147473' 'destroyed']
 ['F54' '261.9382653140355' 'destroyed']
 ['F93' '264.12772857061447' 'mated']
 ['F37' '313.6081750439206' 'destroyed']
 ['F107' '328.78762984936327' 'mated']]",100.0,0.0,575.0,74.26873406849045,16.056317969202485,1332.0,223.1079221962847,47.45307260735674,358.0,60.903564483336424,12.593073605639919,15.0,1.5000000000000002,0.15000000000000008,75.0,0.4962718865691873,0.0036008230452674915
4,0.054,14,360.0523626770448,"[['5' '3.8320976506700286' 'marauded']
 ['0' '9.08753571209392' 'presentdestroyed']
 ['2' '22.099907131504693' 'present']
 ['2' '24.226909935593238' 'present']
 ['1' '38.76150260835252' 'present']
 ['7' '49.483744830697205' 'present']
 ['11' '54.70807837759824' 'present']
 ['2' '55.21070979589659' 'marauded']
 ['1' '56.7324537256314' 'destroyed']
 ['11' '61.48190157650044' 'presentdestroyed']
 ['10' '71.79958035930069' 'present']
 ['11' '75.03596262521161' 'present']
 ['3' '92.79374068011235' 'present']
 ['5' '102.00156418719426' 'present']
 ['5' '103.06405557288863' 'present']
 ['11' '103.73979154285011' 'present']
 ['3' '104.61134088118206' 'marauded']
 ['11' '105.5063156405348' 'presentdestroyed']
 ['9' '114.51492327869869' 'present']
 ['11' '147.2730213084353' 'present']
 ['2' '150.39755286819465' 'marauded']
 ['3' '163.55919796557922' 'present']
 ['5' '163.58201165116364' 'present']
 ['1' '166.50717797698024' 'present']
 ['2' '168.3910388353755' 'marauded']
 ['2' '168.49758612038647' 'destroyed']
 ['2' '179.2266764202836' 'present']
 ['1' '179.30423483277937' 'present']
 ['7' '183.42370948553227' 'present']
 ['7' '184.7407190097536' 'present']
 ['2' '188.20667398338503' 'present']
 ['5' '199.39909053278308' 'present']
 ['9' '207.12455982857344' 'present']
 ['10' '211.53172661073515' 'present']
 ['0' '213.18429933546597' 'present']
 ['11' '217.58869564628847' 'present']
 ['5' '231.34848552283052' 'present']
 ['11' '231.44336117535929' 'present']
 ['5' '240.71927585121608' 'marauded']
 ['5' '243.8252519621804' 'presentdestroyed']
 ['7' '250.69700595531432' 'present']
 ['0' '258.34934753846704' 'marauded']
 ['2' '267.6095352188187' 'present']
 ['0' '276.28157839702914' 'present']
 ['1' '280.0215357451357' 'present']
 ['7' '285.3390832937548' 'present']
 ['5' '288.79271964259254' 'present']
 ['3' '291.18447643976504' 'present']
 ['3' '292.2685412754065' 'present']
 ['5' '296.1338654432591' 'present']
 ['7' '297.2787986033377' 'present']
 ['7' '298.71345206114967' 'present']
 ['5' '309.84261146022294' 'present']
 ['5' '316.15909387479115' 'present']
 ['10' '322.02443220454415' 'present']
 ['5' '326.6470334516343' 'present']
 ['3' '327.39452872203293' 'present']
 ['2' '339.1847474821678' 'present']
 ['10' '339.328205594914' 'present']
 ['0' '345.02278650478974' 'present']
 ['0' '350.005016262798' 'marauded']
 ['3' '351.4824776695489' 'destroyed']
 ['11' '358.9997898806978' 'present']]","[['F3' '49.03569670347903' 'absent']
 ['F15' '59.23762523677179' 'destroyed']
 ['F69' '101.09373457788352' 'mated']
 ['F22' '117.83885376823649' 'absent']
 ['F39' '132.51760244900467' 'mated']
 ['F11' '142.21041162016817' 'mated']
 ['F30' '159.82608648429806' 'absent']
 ['F0' '163.14884233108432' 'mated']
 ['F31' '164.5646583539527' 'mated']
 ['F29' '168.2589700540703' 'mated']
 ['F52' '179.517089853988' 'mated']
 ['F104' '185.5494660738452' 'mated']
 ['F74' '194.88520630530536' 'absent']
 ['F75' '214.5472234216562' 'mated']
 ['F85' '215.29441025677832' 'mated']
 ['F58' '237.15415043598708' 'mated']
 ['F96' '243.82580595958203' 'destroyed']
 ['F6' '247.6976755665056' 'destroyed']
 ['F54' '261.9255983326582' 'absentdestroyed']
 ['F26' '271.35763908653354' 'mated']
 ['F98' '297.70009835973207' 'absent']
 ['F37' '313.61048985873543' 'mated']
 ['F73' '324.57328114775174' 'mated']]",100.0,100.0,577.0,74.93459351315504,16.616791293165903,1367.0,233.51260995779276,50.46768635667096,289.0,49.31178282452155,10.637336441036872,17.0,1.7000000000000004,0.1700000000000001,82.0,0.551928888566799,0.004050925925925929
5,0.054,6,359.88491641766393,"[['10' '0.6389840767285752' 'present']
 ['3' '3.165861545092754' 'present']
 ['11' '5.694056931597626' 'present']
 ['1' '16.64555709554354' 'present']
 ['10' '20.405940271128706' 'marauded']
 ['11' '27.94321823330941' 'present']
 ['4' '33.48981110565938' 'present']
 ['2' '53.00115143561231' 'present']
 ['11' '56.441941209794194' 'present']
 ['2' '56.854378640403155' 'present']
 ['11' '60.202277987769' 'present']
 ['3' '66.90154330866665' 'present']
 ['2' '68.72821041528209' 'present']
 ['11' '83.46334082824211' 'marauded']
 ['10' '84.21706245830104' 'presentdestroyed']
 ['2' '99.03800553048409' 'present']
 ['11' '117.60629513830354' 'present']
 ['11' '119.33159452122173' 'present']
 ['11' '120.80929849611422' 'present']
 ['3' '121.43731925381196' 'marauded']
 ['3' '124.23158768815964' 'presentdestroyed']
 ['11' '128.0872069978582' 'presentdestroyed']
 ['2' '130.42736455162685' 'present']
 ['4' '132.81241573618132' 'marauded']
 ['7' '133.4514464287701' 'presentdestroyed']
 ['7' '141.3170283449024' 'present']
 ['0' '148.5649228387505' 'present']
 ['2' '160.4313480124299' 'present']
 ['2' '169.64520736104004' 'present']
 ['11' '177.62148546820913' 'present']
 ['7' '179.51456244501318' 'present']
 ['7' '187.4668364386502' 'marauded']
 ['0' '191.2393238143744' 'presentdestroyed']
 ['9' '199.4341203572812' 'present']
 ['11' '199.95953034112677' 'present']
 ['11' '200.56715005098596' 'present']
 ['1' '204.30679162680215' 'present']
 ['4' '210.31446237023238' 'present']
 ['11' '216.03176336075353' 'present']
 ['2' '216.68604129144165' 'marauded']
 ['0' '227.3981006125195' 'present']
 ['7' '244.05743864279418' 'present']
 ['1' '245.84474680388806' 'present']
 ['9' '248.10475800470755' 'present']
 ['1' '260.0462983507306' 'present']
 ['0' '261.4845691556724' 'present']
 ['2' '264.0032808951419' 'present']
 ['10' '267.5774201936254' 'present']
 ['0' '269.4912107279253' 'present']
 ['3' '273.60441213274254' 'present']
 ['0' '273.69532854908084' 'marauded']
 ['2' '275.16736976000976' 'destroyed']
 ['4' '277.7199851137011' 'presentdestroyed']
 ['10' '280.1869862560262' 'destroyed']
 ['4' '281.1073435503581' 'present']
 ['9' '294.2706522995756' 'present']
 ['0' '307.4121262434701' 'present']
 ['0' '317.8087205600389' 'present']
 ['9' '319.3897019272198' 'present']
 ['1' '319.86869481197573' 'present']
 ['2' '335.2954469725616' 'present']
 ['0' '340.2425693493063' 'present']
 ['3' '342.4811839267837' 'present']
 ['4' '344.2873711686186' 'marauded']
 ['7' '344.82656918800393' 'presentdestroyed']
 ['0' '348.76032429637274' 'presentdestroyed']
 ['3' '350.4132849544284' 'presentdestroyed']
 ['9' '351.47998670489494' 'presentdestroyed']]","[['F94' '26.588776102299395' 'absentdestroyed']
 ['F15' '59.23994005158661' 'absent']
 ['F97' '145.2556608461011' 'mated']
 ['F1' '187.82639982627936' 'destroyed']
 ['F74' '194.88752112012017' 'absent']
 ['F24' '205.2794559024572' 'mated']
 ['F32' '222.90018153715835' 'destroyed']
 ['F102' '225.18301230547476' 'mated']
 ['F83' '237.0949969092586' 'mated']
 ['F7' '237.5178538661554' 'mated']
 ['F96' '243.81600024667117' 'absent']
 ['F98' '297.7056868170524' 'mated']]",100.0,200.0,567.0,70.79566391990204,15.056808720576624,1389.0,238.4551706083687,51.65379375112453,292.0,48.71763659379351,10.353222326975084,15.0,1.5000000000000002,0.15000000000000008,103.0,0.6978506813029695,0.005294067215363522
6,0.0,5,360.303068159903,"[['10' '7.025983850422475' 'present']
 ['1' '7.173538315922333' 'present']
 ['2' '10.456719853168451' 'present']
 ['2' '14.733385450885532' 'present']
 ['11' '21.11898942013812' 'present']
 ['4' '22.20104835387568' 'marauded']
 ['4' '32.05303837179897' 'present']
 ['1' '39.993460744361634' 'marauded']
 ['9' '43.472053812741905' 'presentdestroyed']
 ['2' '47.557600567448524' 'present']
 ['2' '49.263177383566486' 'marauded']
 ['4' '50.31745371110281' 'presentdestroyed']
 ['1' '52.28138090958258' 'presentdestroyed']
 ['1' '63.71053665159745' 'present']
 ['10' '64.37911368434787' 'present']
 ['0' '65.71482019095001' 'present']
 ['5' '68.98540584705816' 'present']
 ['4' '72.5798748243342' 'marauded']
 ['3' '73.54897466886388' 'presentdestroyed']
 ['1' '73.68390879083863' 'presentdestroyed']
 ['4' '74.0964739015157' 'presentdestroyed']
 ['2' '76.3304489152309' 'presentdestroyed']
 ['11' '77.9606314796234' 'presentdestroyed']
 ['9' '81.47363069970889' 'present']
 ['7' '83.47058972259978' 'marauded']
 ['1' '90.42820738282337' 'presentdestroyed']
 ['3' '98.87319843789096' 'present']
 ['9' '104.8004352308105' 'marauded']
 ['2' '107.01303466713571' 'presentdestroyed']
 ['9' '125.26686232640562' 'present']
 ['11' '127.1425466096788' 'present']
 ['1' '127.82604561051373' 'present']
 ['11' '131.70755676085975' 'marauded']
 ['7' '144.8902448481519' 'present']
 ['1' '145.25150921689576' 'marauded']
 ['5' '147.89747828583606' 'presentdestroyed']
 ['9' '151.45885876228556' 'presentdestroyed']
 ['10' '154.11006589455323' 'present']
 ['9' '165.67396133128662' 'present']
 ['3' '171.0435344692313' 'present']
 ['0' '175.1048216032388' 'present']
 ['11' '183.16542901454162' 'present']
 ['2' '184.2598126597151' 'marauded']
 ['9' '184.38682820057153' 'presentdestroyed']
 ['2' '185.60556456604687' 'destroyed']
 ['2' '186.43925256452232' 'presentdestroyed']
 ['10' '187.90773811666693' 'destroyed']
 ['4' '189.974620603668' 'destroyed']
 ['10' '194.22653867863525' 'present']
 ['3' '196.3676078314005' 'present']
 ['3' '198.86788970125318' 'present']
 ['2' '200.05733224727334' 'present']
 ['3' '202.46755927195372' 'present']
 ['2' '212.59139563438552' 'present']
 ['3' '226.02812600447083' 'present']
 ['10' '228.58621053506755' 'marauded']
 ['10' '233.34452269691727' 'presentdestroyed']
 ['0' '233.94517564472136' 'presentdestroyed']
 ['10' '234.64355179779483' 'presentdestroyed']
 ['1' '239.88433439499832' 'present']
 ['11' '242.06257094502618' 'present']
 ['9' '242.06666126239026' 'present']
 ['5' '243.43162052780303' 'marauded']
 ['5' '253.05757741823274' 'present']
 ['7' '255.0073632139442' 'marauded']
 ['5' '257.64377472881966' 'destroyed']
 ['7' '267.40571396034295' 'present']
 ['5' '271.8838030720446' 'present']
 ['7' '285.0195098302754' 'present']
 ['4' '287.7550496261611' 'marauded']
 ['7' '292.626962074037' 'presentdestroyed']
 ['4' '299.3768241367779' 'present']
 ['3' '303.897296019393' 'marauded']
 ['7' '307.3547839226788' 'presentdestroyed']
 ['3' '310.6103229300787' 'destroyed']
 ['4' '316.09497626936724' 'present']
 ['10' '316.89556854612357' 'present']
 ['1' '324.2378469742701' 'present']
 ['7' '325.7902883121721' 'present']
 ['10' '338.0365201809794' 'present']
 ['5' '355.0393597842443' 'present']
 ['9' '357.1608322917682' 'present']]","[['F28' '54.97652465580474' 'absentdestroyed']
 ['F101' '144.5041076173014' 'mated']
 ['F12' '146.59768687883187' 'destroyed']
 ['F92' '160.27123267248427' 'mated']
 ['F76' '168.10818838942834' 'mated']
 ['F29' '168.2556964115648' 'absent']
 ['F51' '181.29774142779286' 'mated']
 ['F53' '220.39244810588409' 'absent']
 ['F47' '224.60115134721815' 'mated']
 ['F84' '224.73077990146402' 'absent']
 ['F6' '247.70612529229234' 'destroyed']
 ['F23' '248.54602125666523' 'destroyed']
 ['F96' '255.8356268870985' 'destroyed']
 ['F68' '302.19927237634164' 'absent']]",200.0,0.0,564.0,72.80349209212945,16.81780506997297,1205.0,201.38789549966384,42.87138816458017,501.0,86.04606356186525,18.902987710668505,0.0,0.0,0.0,0.0,0.0,0.0
7,0.054,7,360.0777119376588,"[['3' '1.249290814109931' 'present']
 ['11' '2.73128383323541' 'present']
 ['3' '6.200216531782583' 'present']
 ['5' '7.5680552490467745' 'present']
 ['10' '15.307661910140236' 'present']
 ['2' '17.04383535297436' 'present']
 ['10' '29.618754679247306' 'present']
 ['5' '44.569709766342385' 'present']
 ['1' '59.150510245074024' 'present']
 ['11' '61.553004229138104' 'present']
 ['0' '68.56915496655077' 'present']
 ['5' '69.19493574694553' 'present']
 ['10' '69.26719717183673' 'present']
 ['11' '85.50749637160608' 'marauded']
 ['1' '89.47598852024647' 'presentdestroyed']
 ['3' '97.61826221418643' 'present']
 ['10' '104.83757201089882' 'marauded']
 ['2' '106.62509537356361' 'presentdestroyed']
 ['2' '107.76047306867979' 'destroyed']
 ['11' '112.61086336306339' 'present']
 ['9' '116.30394616073995' 'marauded']
 ['10' '121.00632867466739' 'presentdestroyed']
 ['9' '125.96775866026611' 'marauded']
 ['4' '130.09280083504686' 'destroyed']
 ['1' '133.2012475794161' 'present']
 ['2' '135.4624340834404' 'present']
 ['2' '161.29730929263266' 'present']
 ['11' '166.5335666410293' 'marauded']
 ['9' '167.92085135059676' 'presentdestroyed']
 ['11' '168.03831776292364' 'presentdestroyed']
 ['11' '192.9940842372663' 'present']
 ['2' '193.20546432403506' 'marauded']
 ['3' '198.86230124393288' 'presentdestroyed']
 ['4' '205.86372822154053' 'marauded']
 ['11' '211.72266887111869' 'destroyed']
 ['11' '213.10334092003163' 'presentdestroyed']
 ['4' '218.0918167054122' 'marauded']
 ['0' '235.00775876920562' 'marauded']
 ['9' '245.90501799616072' 'present']
 ['1' '248.27925963067293' 'present']
 ['4' '249.6037743060355' 'present']
 ['4' '254.24081421243974' 'present']
 ['2' '262.1641880466558' 'present']
 ['4' '267.36508991683144' 'present']
 ['10' '270.43748906610864' 'marauded']
 ['1' '277.77477909440853' 'present']
 ['9' '282.5217520702144' 'present']
 ['3' '309.33529083989396' 'marauded']
 ['5' '312.15396246773815' 'presentdestroyed']
 ['10' '316.4645874801463' 'presentdestroyed']
 ['9' '318.1047591945839' 'present']
 ['3' '334.4826795430815' 'marauded']
 ['5' '353.69224296888524' 'present']]","[['F62' '62.11914216257646' 'mated']
 ['F25' '70.54567975029387' 'absent']
 ['F40' '100.72738993701434' 'mated']
 ['F71' '101.38920990468067' 'absent']
 ['F46' '130.76901872017234' 'absentdestroyed']
 ['F91' '154.31059359376772' 'mated']
 ['F30' '159.82840129911287' 'mated']
 ['F35' '179.71646659610138' 'mated']
 ['F80' '206.20875432705895' 'destroyed']
 ['F49' '208.89214201288988' 'destroyed']
 ['F32' '222.90345517966384' 'destroyed']
 ['F41' '225.71856415276403' 'absent']
 ['F72' '230.0233090126338' 'mated']
 ['F6' '247.70844010710715' 'absent']
 ['F79' '269.6645443117075' 'absent']
 ['F42' '291.6977891746157' 'mated']]",200.0,100.0,561.0,71.07988442492176,15.574914577314475,1276.0,213.63335319942445,45.64633637799915,429.0,73.49476153611849,15.77358381021119,14.0,1.4000000000000001,0.14000000000000007,75.0,0.5278647047069296,0.004093792866941018
8,0.0,6,360.3866899900333,"[['2' '17.85323761204889' 'present']
 ['3' '18.66383302191756' 'present']
 ['10' '22.992723812707066' 'present']
 ['0' '28.006205047761668' 'present']
 ['3' '39.304001363427304' 'marauded']
 ['9' '40.58240040882696' 'presentdestroyed']
 ['1' '41.406257499981244' 'presentdestroyed']
 ['3' '44.73064080171193' 'destroyed']
 ['5' '49.64576257750345' 'present']
 ['2' '56.73004313835028' 'present']
 ['10' '60.60911928376716' 'present']
 ['0' '66.0710155426665' 'present']
 ['5' '68.83197712164726' 'present']
 ['0' '73.36734652064285' 'present']
 ['4' '84.82670279800955' 'marauded']
 ['4' '100.83977114595098' 'present']
 ['3' '106.3681753906303' 'marauded']
 ['0' '109.5989601068078' 'presentdestroyed']
 ['5' '120.40035704150971' 'present']
 ['10' '122.98664701360629' 'present']
 ['9' '125.17462569390578' 'present']
 ['9' '141.0233007593446' 'marauded']
 ['1' '143.23152691792004' 'presentdestroyed']
 ['4' '148.43341398659663' 'present']
 ['10' '152.84503057656966' 'present']
 ['0' '153.63303950684994' 'present']
 ['9' '155.59094006377222' 'marauded']
 ['1' '155.67725503335308' 'presentdestroyed']
 ['7' '163.15717656688963' 'marauded']
 ['11' '164.6067644832742' 'presentdestroyed']
 ['5' '167.8821848005171' 'destroyed']
 ['1' '168.56456582122314' 'presentdestroyed']
 ['0' '181.83552719701075' 'present']
 ['4' '187.17588225601872' 'marauded']
 ['0' '196.28897068481078' 'present']
 ['2' '196.77148181158645' 'marauded']
 ['1' '202.73750056802714' 'presentdestroyed']
 ['2' '212.0613351546345' 'present']
 ['4' '223.5604723268974' 'present']
 ['9' '224.5069155255969' 'marauded']
 ['5' '230.08820307763415' 'presentdestroyed']
 ['10' '231.2845046885752' 'presentdestroyed']
 ['11' '233.94961288101865' 'present']
 ['5' '234.5724504279715' 'present']
 ['3' '236.54244165813603' 'present']
 ['9' '238.86316344755528' 'present']
 ['1' '250.69919946653366' 'present']
 ['5' '252.6993649572216' 'present']
 ['11' '253.60743018154244' 'present']
 ['2' '267.6174384909538' 'present']
 ['3' '271.0306252921299' 'present']
 ['10' '281.9632948734746' 'marauded']
 ['5' '286.0152642700358' 'presentdestroyed']
 ['0' '288.01988280547863' 'presentdestroyed']
 ['1' '289.02602230047034' 'marauded']
 ['4' '290.6800582608971' 'presentdestroyed']
 ['4' '297.2014167969548' 'present']
 ['7' '297.28342823296737' 'present']
 ['5' '319.828800590436' 'present']
 ['2' '319.95758041720126' 'present']
 ['7' '323.48347107248736' 'present']
 ['5' '333.0522632119868' 'present']
 ['11' '335.11956960576964' 'present']
 ['5' '343.7151401652174' 'present']
 ['7' '349.55478731586743' 'present']
 ['4' '359.73260869741085' 'present']]","[['F71' '101.39152471949548' 'mated']
 ['F22' '117.84212741074198' 'mated']
 ['F95' '155.20648113663592' 'mated']
 ['F16' '169.8991534108389' 'absentdestroyed']
 ['F35' '179.70624850915146' 'absent']
 ['F49' '208.8944568277047' 'mated']
 ['F41' '225.72087896757884' 'destroyed']
 ['F87' '269.5633457493246' 'mated']
 ['F56' '275.3803277602545' 'mated']
 ['F98' '297.7033720022376' 'absent']]",200.0,200.0,571.0,68.68286782394217,13.279920180533102,1311.0,224.40200327993642,48.48891347258132,415.0,67.0044255113985,13.691587807250206,0.0,0.0,0.0,0.0,0.0,0.0
9,0.054,13,359.92669752402355,"[['3' '0.5909893658738082' 'present']
 ['4' '0.9188148919125262' 'marauded']
 ['3' '5.489193399406103' 'destroyed']
 ['1' '8.97890902647848' 'present']
 ['5' '18.0308650068403' 'marauded']
 ['7' '23.173192586940594' 'presentdestroyed']
 ['0' '29.766034372614982' 'present']
 ['5' '38.31651013460434' 'present']
 ['10' '39.63244373463034' 'present']
 ['1' '44.22211955601522' 'marauded']
 ['3' '52.796244750990105' 'present']
 ['10' '55.89111922039221' 'present']
 ['11' '64.20990025823535' 'present']
 ['3' '68.72453370692402' 'present']
 ['10' '73.27938763462139' 'present']
 ['5' '77.20617964795021' 'present']
 ['1' '78.43873722869465' 'present']
 ['7' '80.59455557830302' 'present']
 ['11' '89.42408213240297' 'present']
 ['5' '96.7694932812149' 'present']
 ['7' '101.94239415849358' 'present']
 ['2' '110.4923778364818' 'present']
 ['4' '117.47329819456911' 'marauded']
 ['2' '138.88423173659027' 'present']
 ['10' '140.01567696859502' 'present']
 ['4' '144.72493754758418' 'present']
 ['3' '146.76633746890613' 'present']
 ['7' '161.49928160858073' 'present']
 ['10' '166.2064755829631' 'present']
 ['5' '166.29951831816183' 'present']
 ['5' '167.67008045029357' 'present']
 ['5' '167.79078478341853' 'present']
 ['2' '171.60875377906373' 'marauded']
 ['7' '187.82414484373842' 'present']
 ['11' '189.9965614860799' 'present']
 ['10' '198.67462933743312' 'present']
 ['4' '198.79934275527285' 'present']
 ['2' '203.14061300533547' 'present']
 ['4' '207.02972266764723' 'present']
 ['4' '209.01798673196143' 'present']
 ['2' '213.39116379894165' 'present']
 ['5' '214.81938574616012' 'present']
 ['3' '223.55874618942437' 'present']
 ['7' '227.436287897383' 'present']
 ['3' '228.4524904318905' 'marauded']
 ['1' '237.4738752174196' 'present']
 ['1' '244.6370392926264' 'present']
 ['4' '255.2523859225996' 'present']
 ['10' '261.6012283274318' 'present']
 ['11' '267.06191832835185' 'present']
 ['5' '267.82094165725545' 'marauded']
 ['2' '284.8205091737482' 'marauded']
 ['5' '286.08584813305316' 'destroyed']
 ['0' '290.4228617772832' 'destroyed']
 ['2' '291.6970298788577' 'destroyed']
 ['11' '297.60347380953885' 'present']
 ['5' '305.0198445484398' 'present']
 ['5' '315.345488432544' 'present']
 ['4' '318.96217195322816' 'present']
 ['2' '320.224342262481' 'present']
 ['5' '321.89520597327396' 'present']
 ['10' '324.10857740277066' 'marauded']
 ['5' '326.83997011452163' 'presentdestroyed']
 ['2' '335.3771106956263' 'present']
 ['5' '341.51401836493477' 'present']
 ['1' '341.756299250663' 'present']
 ['10' '342.3903554184266' 'present']
 ['1' '346.89636243591616' 'present']
 ['7' '354.0323568283494' 'present']]","[['F61' '61.152386362418206' 'mated']
 ['F50' '101.07041097299431' 'mated']
 ['F36' '116.54730041308846' 'mated']
 ['F46' '130.77229236267783' 'mated']
 ['F16' '169.90242705334438' 'mated']
 ['F2' '170.86483386807197' 'mated']
 ['F88' '182.86471568277562' 'mated']
 ['F53' '220.3947629206989' 'mated']
 ['F47' '224.59883653240334' 'absent']
 ['F84' '224.73309471627883' 'mated']
 ['F41' '225.73013822683808' 'mated']
 ['F19' '239.74983090943968' 'mated']
 ['F96' '255.8412153444188' 'mated']
 ['F68' '302.2015871911565' 'mated']]",300.0,0.0,570.0,69.38433617870415,13.926003571838491,1348.0,234.12251795235,50.846914580522444,326.0,54.96946460246491,11.761063426673564,12.0,1.2,0.12000000000000005,77.0,0.5011595166154872,0.0035579561042524007
10,0.054,8,360.37781589110614,"[['4' '3.5354506115360587' 'present']
 ['1' '20.15661611770825' 'present']
 ['9' '27.573110325801874' 'present']
 ['11' '36.12640026238099' 'present']
 ['5' '38.51680473271113' 'present']
 ['7' '50.235683491679666' 'present']
 ['11' '53.89600101586173' 'present']
 ['1' '56.588759158184956' 'present']
 ['0' '59.44392220494059' 'present']
 ['11' '63.83675242171114' 'present']
 ['0' '73.71766152819576' 'present']
 ['9' '79.60712800533209' 'present']
 ['4' '90.0897704960366' 'present']
 ['9' '91.81993351247692' 'present']
 ['4' '93.26680463026085' 'marauded']
 ['5' '99.60201853773457' 'presentdestroyed']
 ['5' '102.15982887940592' 'present']
 ['5' '103.51641781537565' 'present']
 ['5' '106.53336661382504' 'marauded']
 ['9' '113.96464511528235' 'presentdestroyed']
 ['4' '116.99258763037334' 'present']
 ['9' '131.3385932107013' 'present']
 ['11' '146.88980663675213' 'present']
 ['3' '157.09782411902222' 'marauded']
 ['5' '158.5152199690407' 'presentdestroyed']
 ['2' '160.4369364697502' 'presentdestroyed']
 ['2' '160.4434837547612' 'presentdestroyed']
 ['2' '167.4784198214685' 'present']
 ['5' '167.68043261685605' 'marauded']
 ['0' '170.18968210403986' 'destroyed']
 ['3' '171.03604357113525' 'presentdestroyed']
 ['5' '172.80098379584058' 'presentdestroyed']
 ['11' '186.1512457333184' 'present']
 ['3' '188.08660276761913' 'present']
 ['11' '192.82170341826807' 'present']
 ['1' '199.5071725132141' 'present']
 ['1' '203.17801919408748' 'present']
 ['0' '211.71750552022974' 'present']
 ['0' '221.8217031152218' 'present']
 ['7' '229.1886020067447' 'present']
 ['2' '233.0118329309777' 'present']
 ['1' '235.08615190895227' 'marauded']
 ['4' '236.29764560413824' 'presentdestroyed']
 ['5' '242.67968252194942' 'marauded']
 ['5' '249.13256635171575' 'destroyed']
 ['5' '253.06602714401947' 'marauded']
 ['11' '258.3210390963944' 'destroyed']
 ['7' '282.5610445464978' 'present']
 ['7' '295.1153315547903' 'marauded']
 ['2' '305.15351914644884' 'marauded']
 ['9' '309.24047240593524' 'presentdestroyed']
 ['11' '315.12120754224867' 'present']
 ['11' '315.12583717187835' 'present']
 ['1' '320.56839593975315' 'present']
 ['2' '322.6989285650267' 'present']
 ['7' '332.82564183355515' 'present']
 ['9' '348.56458271032506' 'present']
 ['9' '358.11401898083113' 'present']
 ['7' '358.7942189034352' 'present']]","[['F94' '26.593952185580644' 'mated']
 ['F3' '49.04032633310866' 'mated']
 ['F10' '62.55241290843437' 'mated']
 ['F25' '70.54799456510868' 'mated']
 ['F65' '91.30354954153607' 'mated']
 ['F60' '138.45729621045302' 'mated']
 ['F52' '179.5124602243584' 'absent']
 ['F55' '181.34620372891285' 'mated']
 ['F96' '243.8211763299524' 'destroyed']
 ['F96' '243.832353244593' 'destroyed']
 ['F23' '248.54929489917072' 'destroyed']
 ['F96' '255.838900529604' 'destroyed']
 ['F18' '261.23292544838296' 'mated']
 ['F54' '261.93308923075426' 'absent']]",300.0,100.0,562.0,70.35509578963325,13.747868446061746,1342.0,232.95897839981512,50.89037549260771,326.0,55.419267753542584,11.879108096433727,9.0,0.8999999999999999,0.09000000000000002,66.0,0.4502437494980133,0.0033650548696845
11,0.054,10,360.1383788141652,"[['4' '3.4648467816909583' 'present']
 ['1' '12.33067124403725' 'marauded']
 ['7' '21.513398352802998' 'present']
 ['7' '22.022095537541286' 'present']
 ['3' '36.343389227586925' 'present']
 ['5' '38.81594269398647' 'marauded']
 ['0' '51.143778132655434' 'present']
 ['10' '51.46628006465318' 'present']
 ['1' '55.217676275207744' 'present']
 ['1' '58.498453591078544' 'present']
 ['0' '61.94352546410425' 'present']
 ['2' '65.63696040663933' 'marauded']
 ['2' '68.73284004491171' 'presentdestroyed']
 ['1' '79.06074249213488' 'present']
 ['2' '93.15915395821905' 'present']
 ['0' '95.3126671414632' 'present']
 ['1' '101.42116604080074' 'present']
 ['2' '102.29898748732585' 'present']
 ['9' '102.8511684271676' 'present']
 ['1' '110.53644549964517' 'present']
 ['2' '121.9450913070337' 'present']
 ['4' '136.29835975444692' 'marauded']
 ['9' '159.08456416202276' 'present']
 ['4' '179.3236860935053' 'present']
 ['4' '184.83111242195315' 'present']
 ['1' '192.13941137282768' 'present']
 ['10' '195.50398550321805' 'present']
 ['3' '199.96984694185755' 'present']
 ['7' '203.63220539123654' 'marauded']
 ['3' '208.01356665540993' 'destroyed']
 ['10' '209.01035238810837' 'presentdestroyed']
 ['0' '221.65552608049845' 'present']
 ['4' '223.56892205268414' 'present']
 ['3' '223.81183573080563' 'marauded']
 ['10' '226.7571934899501' 'presentdestroyed']
 ['2' '230.22556772432137' 'presentdestroyed']
 ['0' '234.9993090434189' 'present']
 ['3' '235.2343634788321' 'present']
 ['9' '238.37445546990503' 'present']
 ['7' '253.53191731447808' 'present']
 ['1' '277.90172801886325' 'marauded']
 ['5' '288.799664087037' 'present']
 ['0' '293.3281037880375' 'present']
 ['5' '296.94868355188197' 'present']
 ['5' '298.1992096075269' 'marauded']
 ['4' '300.64203987132663' 'presentdestroyed']
 ['3' '311.3696507518092' 'present']
 ['7' '328.61026522177133' 'present']
 ['3' '332.49397957457694' 'present']
 ['2' '342.2763183138653' 'present']
 ['7' '347.23968708366334' 'marauded']
 ['3' '350.4057940563323' 'presentdestroyed']]","[['F28' '54.97979829831023' 'mated']
 ['F15' '59.244569681216234' 'mated']
 ['F105' '113.52863235553248' 'mated']
 ['F59' '126.31624571006384' 'mated']
 ['F97' '145.24911356109013' '']
 ['F81' '177.91144242030467' 'mated']
 ['F35' '179.7131929535959' 'absent']
 ['F20' '191.0419515093953' 'mated']
 ['F89' '229.49184511541176' 'destroyed']
 ['F78' '234.8620064779888' 'mated']
 ['F17' '241.57935167581797' 'mated']
 ['F6' '247.70285164978685' 'absent']
 ['F67' '266.9655974861021' 'mated']
 ['F79' '269.66781795421304' 'mated']]",300.0,200.0,568.0,69.80616777935674,13.942844864823025,1370.0,234.11481447934133,50.73238300026089,321.0,54.9171376803581,11.871732677438317,8.0,0.7999999999999999,0.08000000000000002,77.0,0.5600039528892142,0.0044367283950617325
