id,probability_maraud,successful_mating,next_foraging_time,mar_attempts,mate_attempts,x_pos,y_pos,foraging_events,foraging_hrs,foraging_sqhrs,staying_events,staying_hrs,staying_sqhrs,repairing_events,repairing_hrs,repairing_sqhrs,marauding_events,marauding_hrs,marauding_sqhrs,traveling_events,traveling_hrs,traveling_sqhrs
0,0.054,11,360.20564427167926,"[['2' '2.0866417841244544' 'marauded']
 ['2' '21.7519392261888' 'present']
 ['2' '22.580611667090782' 'present']
 ['3' '79.57207157228918' 'present']
 ['3' '109.82320776732831' 'present']
 ['2' '111.60486698729883' 'present']
 ['2' '137.65982445190983' 'present']
 ['3' '138.34486346270077' 'present']
 ['2' '140.2961960853668' 'marauded']
 ['3' '142.4082874762512' 'presentdestroyed']
 ['2' '142.52514181389844' 'destroyed']
 ['1' '144.25877146068322' 'destroyed']
 ['3' '149.328210726876' 'present']
 ['3' '149.58092267688895' 'present']
 ['1' '151.3078870101416' 'present']
 ['3' '157.00107427097282' 'marauded']
 ['2' '162.36630778388252' 'presentdestroyed']
 ['8' '163.28165078871243' 'destroyed']
 ['2' '170.54687004995773' 'present']
 ['1' '175.5182761310306' 'present']
 ['3' '183.774341115969' 'present']
 ['1' '188.33124424568544' 'marauded']
 ['1' '201.51881906715198' 'present']
 ['8' '205.78146692628425' 'marauded']
 ['2' '207.14898675814072' 'presentdestroyed']
 ['3' '210.09846147009657' 'presentdestroyed']
 ['3' '217.10291403211988' 'present']
 ['3' '220.81882622065038' 'marauded']
 ['4' '221.92303632684317' 'presentdestroyed']
 ['2' '222.45914363926065' 'presentdestroyed']
 ['1' '225.57314176712023' 'presentdestroyed']
 ['2' '229.89609665970545' 'present']
 ['3' '257.14867246773997' 'marauded']
 ['3' '260.9574910769411' 'destroyed']
 ['1' '285.39728972626926' 'present']
 ['2' '288.45595479212176' 'present']
 ['1' '295.3760170770884' 'present']
 ['1' '300.592442533296' 'present']
 ['1' '304.31049300495044' 'present']
 ['3' '306.87776970559986' 'present']
 ['1' '312.68530124769' 'present']
 ['1' '318.8627508063395' 'present']
 ['1' '321.8702455710229' 'present']
 ['1' '322.390410219597' 'present']
 ['3' '322.68619962792593' 'present']
 ['3' '324.5267395169172' 'marauded']
 ['3' '328.8454500654013' 'presentdestroyed']
 ['3' '329.6357590853127' 'presentdestroyed']
 ['3' '330.06760029762705' 'presentdestroyed']
 ['2' '335.4413728474504' 'marauded']
 ['3' '343.0786302759946' 'present']
 ['1' '347.8824507915932' 'present']
 ['3' '348.89748162480186' 'present']
 ['1' '355.9773069453415' 'present']]","[['F21' '55.18328367838935' 'mated']
 ['F3' '98.5691774504473' 'mated']
 ['F16' '99.35134125389528' 'mated']
 ['F18' '112.58252461849948' 'absent']
 ['F4' '113.34721082884262' 'mated']
 ['F7' '145.20135519980565' 'absentdestroyed']
 ['F48' '156.7459898827789' 'mated']
 ['F78' '166.39501777006825' 'mated']
 ['F24' '180.60917493634557' 'mated']
 ['F12' '196.710196077271' 'absent']
 ['F13' '236.73836144311827' 'mated']
 ['F46' '241.1560814885562' 'mated']
 ['F33' '265.92142939055884' 'mated']
 ['F10' '320.89620093374947' 'mated']]",0.0,0.0,570.0,72.09211011058494,14.668561618395541,1322.0,228.36888228575847,49.611098288019704,333.0,54.731279464095856,11.334948627378092,15.0,1.5000000000000002,0.15000000000000008,72.0,3.3525098871469017,0.15646433470507534
1,0.054,8,359.9471824578891,"[['4' '0.580297613468419' 'present']
 ['0' '1.5134236376982362' 'present']
 ['2' '6.964933227156998' 'present']
 ['4' '8.187110930826254' 'marauded']
 ['4' '11.881393850564198' 'presentdestroyed']
 ['2' '25.155341723184836' 'present']
 ['2' '27.96880681706608' 'marauded']
 ['2' '28.11510311336238' 'presentdestroyed']
 ['0' '30.261352750889678' 'presentdestroyed']
 ['4' '31.06928985294019' 'destroyed']
 ['0' '36.03662633095235' 'present']
 ['0' '37.13153339459106' 'present']
 ['7' '40.631667631262786' 'present']
 ['0' '40.891344610053096' 'present']
 ['4' '42.573264623097316' 'present']
 ['2' '43.55376638151886' 'present']
 ['0' '53.11832654631064' 'marauded']
 ['0' '56.512693926220415' 'destroyed']
 ['4' '56.72432118166621' 'presentdestroyed']
 ['0' '59.08788627802496' 'destroyed']
 ['7' '59.37364921127066' 'presentdestroyed']
 ['7' '60.99260852999468' 'present']
 ['4' '68.11574034916963' 'present']
 ['7' '80.83072773748668' 'present']
 ['0' '83.19427863786318' 'present']
 ['2' '85.48887426860787' 'present']
 ['0' '90.09710494194383' 'present']
 ['4' '91.4037615313835' 'present']
 ['2' '92.37829870835924' 'present']
 ['0' '101.96734310015754' 'marauded']
 ['8' '105.2643622874385' 'destroyed']
 ['2' '130.66031191388757' 'present']
 ['4' '143.23475209212506' 'present']
 ['7' '143.62861896532792' 'present']
 ['7' '145.04665907483732' 'present']
 ['7' '148.3684862062357' 'present']
 ['7' '151.50969306402064' 'present']
 ['7' '152.84119384631157' 'present']
 ['3' '156.05382959125936' 'present']
 ['7' '157.08002167876734' 'present']
 ['7' '158.85854748478366' 'present']
 ['3' '160.0473043953913' 'present']
 ['2' '162.1321342331402' 'present']
 ['4' '166.52424896107357' 'marauded']
 ['7' '169.17425901388523' 'presentdestroyed']
 ['7' '169.6632105054178' 'destroyed']
 ['2' '172.59451403217565' 'presentdestroyed']
 ['0' '172.98205963207968' 'presentdestroyed']
 ['2' '174.91753229728687' 'present']
 ['7' '176.24092132891846' 'present']
 ['4' '179.5123950288989' 'marauded']
 ['7' '195.09032596618923' 'present']
 ['4' '199.00737897585572' 'present']
 ['4' '208.09193622423456' 'present']
 ['2' '215.09304362398734' 'marauded']
 ['4' '221.22078474889918' 'presentdestroyed']
 ['2' '226.29154743256902' 'marauded']
 ['7' '229.04785470948008' 'presentdestroyed']
 ['0' '236.13015303106064' 'marauded']
 ['4' '243.76963593843655' 'presentdestroyed']
 ['4' '250.40797800377837' 'marauded']
 ['2' '255.9979432396292' 'destroyed']
 ['4' '259.04870107429247' 'present']
 ['4' '261.1590602314795' 'marauded']
 ['7' '261.2607641081151' 'presentdestroyed']
 ['7' '264.7222847440768' 'presentdestroyed']
 ['4' '267.0149383685237' 'presentdestroyed']
 ['2' '267.5599891145898' 'presentdestroyed']
 ['0' '277.068149014753' 'present']
 ['7' '277.26279767168967' 'present']
 ['4' '278.77269399049567' 'present']
 ['7' '287.20817099290997' 'present']
 ['0' '294.3328564933455' 'present']
 ['0' '319.8867293896585' 'present']
 ['7' '323.2492641382105' 'present']
 ['2' '329.02295705010727' 'marauded']
 ['2' '337.09159639008413' 'marauded']
 ['7' '338.43751710244817' 'presentdestroyed']
 ['2' '345.40987117483127' 'present']
 ['4' '358.37285041736993' 'present']]","[['F69' '11.81971795556515' 'destroyed']
 ['F38' '76.74924599830132' 'mated']
 ['F47' '83.29481366626491' 'mated']
 ['F4' '113.32406268069447' 'absent']
 ['F22' '137.19160301079197' 'absent']
 ['F26' '140.5220051591559' 'mated']
 ['F7' '145.2245033479538' 'mated']
 ['F24' '180.58602678819742' 'destroyed']
 ['F5' '187.0851258281354' 'destroyed']
 ['F54' '187.50538237181297' 'destroyed']
 ['F12' '196.68704792912285' 'absent']
 ['F61' '271.64919378879983' 'mated']
 ['F19' '292.88499432052384' 'mated']
 ['F72' '294.3493760600959' 'mated']
 ['F71' '308.84065961024316' 'mated']
 ['F65' '343.89810075090827' 'destroyed']]",0.0,1000.0,572.0,69.49554036451744,13.97484020287985,1218.0,205.66581201001893,43.81030862315066,471.0,80.16766781662155,17.219992504908,11.0,1.0999999999999999,0.11000000000000004,79.0,3.6574074074074066,0.16932441700960202
2,0.054,7,360.50351823934886,"[['8' '6.945201340153911' 'marauded']
 ['0' '16.53003895732923' 'present']
 ['0' '17.663947324360677' 'present']
 ['1' '21.64727192932367' 'present']
 ['8' '27.611729275679153' 'present']
 ['0' '35.23568607663896' 'present']
 ['1' '43.43668732863159' 'present']
 ['1' '45.21912106999486' 'present']
 ['0' '56.064683244823925' 'present']
 ['8' '59.50900845931831' 'present']
 ['8' '61.37570787689453' 'marauded']
 ['5' '63.759916290460346' 'presentdestroyed']
 ['8' '67.84612777132836' 'destroyed']
 ['5' '77.01484802598546' 'marauded']
 ['0' '94.64125139482285' 'marauded']
 ['1' '94.87359301632553' 'presentdestroyed']
 ['8' '101.8630101561414' 'marauded']
 ['5' '103.95059167587593' 'destroyed']
 ['5' '111.86031118133913' 'marauded']
 ['1' '116.93586056287158' 'presentdestroyed']
 ['1' '117.47826256961274' 'presentdestroyed']
 ['5' '125.7753267858307' 'present']
 ['3' '126.34318174408422' 'present']
 ['5' '127.06575763119623' 'present']
 ['1' '130.97113508149693' 'present']
 ['8' '133.84573058792816' 'present']
 ['0' '135.49767860247243' 'present']
 ['0' '138.57977807793148' 'present']
 ['5' '143.6675817238614' 'present']
 ['5' '145.28773404813512' 'present']
 ['5' '147.81157796338985' 'present']
 ['7' '148.88656756162894' 'marauded']
 ['8' '153.76382383964824' 'presentdestroyed']
 ['0' '156.9828638420418' 'present']
 ['5' '172.48067755345178' 'present']
 ['0' '174.18062017936475' 'present']
 ['8' '181.1233272352626' 'present']
 ['8' '182.42912154278193' 'present']
 ['5' '185.1089951211969' 'marauded']
 ['0' '188.32700808344904' 'presentdestroyed']
 ['5' '192.3597630000468' 'presentdestroyed']
 ['8' '192.79103633041385' 'present']
 ['8' '198.84414142101102' 'present']
 ['8' '203.72464711954706' 'present']
 ['0' '214.90752979881577' 'present']
 ['4' '216.33129847189926' 'present']
 ['5' '228.2697093162207' 'present']
 ['8' '233.35705417993466' 'marauded']
 ['8' '240.8740863483937' 'present']
 ['5' '241.39421606889556' 'present']
 ['0' '245.9422081323943' 'marauded']
 ['0' '251.64693914883307' 'presentdestroyed']
 ['8' '257.7916138164314' 'present']
 ['1' '258.373384918413' 'marauded']
 ['1' '261.137683672921' 'presentdestroyed']
 ['8' '278.61946220791685' 'present']
 ['8' '279.6014810932616' 'present']
 ['1' '280.45334686081645' 'present']
 ['8' '280.4626619434898' 'present']
 ['0' '280.59137719501615' 'present']
 ['0' '283.72843587660066' 'present']
 ['1' '285.1125987850991' 'present']
 ['1' '285.35099342997296' 'present']
 ['1' '300.00102957275027' 'marauded']
 ['1' '308.04416240757877' 'marauded']
 ['1' '310.41424454255764' 'presentdestroyed']
 ['8' '312.70069263719233' 'destroyed']
 ['0' '316.3740856427525' 'marauded']
 ['1' '319.47349940814473' 'presentdestroyed']
 ['0' '322.35871650840625' 'presentdestroyed']
 ['1' '323.0362331315478' 'presentdestroyed']
 ['5' '353.381675044806' 'marauded']
 ['8' '359.4617111566244' 'presentdestroyed']]","[['F1' '72.39904722645166' 'mated']
 ['F45' '138.14922967311435' 'mated']
 ['F44' '152.9235948728117' 'destroyed']
 ['F31' '174.00842166993723' 'absent']
 ['F5' '187.10827397628356' 'destroyed']
 ['F54' '187.48223422366482' 'destroyed']
 ['F12' '196.6176034846784' 'absent']
 ['F12' '196.6638997809747' 'absent']
 ['F64' '200.23404050198334' 'mated']
 ['F59' '202.63329657045162' 'absent']
 ['F59' '202.67959286674792' 'mated']
 ['F12' '208.73334422541916' 'mated']
 ['F14' '230.06712387673082' 'mated']
 ['F68' '296.32803786066273' 'mated']]",0.0,2000.0,563.0,68.69748937300872,14.12611648,1147.0,196.4684794892327,41.73446868413773,539.0,91.0379131115122,19.62865525289139,12.0,1.2,0.12000000000000005,60.0,2.7777777777777772,0.12860082304526754
3,0.054,8,359.9011538170972,"[['5' '11.266977718235497' 'present']
 ['5' '26.251084255631778' 'present']
 ['0' '29.510096213420642' 'marauded']
 ['4' '36.59821374920879' 'presentdestroyed']
 ['0' '36.858548267820765' 'presentdestroyed']
 ['4' '41.843197189043856' 'present']
 ['4' '43.21422180778901' 'present']
 ['5' '52.22574413761455' 'marauded']
 ['4' '53.84853152436965' 'presentdestroyed']
 ['5' '65.44299310047784' 'marauded']
 ['0' '68.93550314306711' 'presentdestroyed']
 ['5' '83.5084455404536' 'present']
 ['0' '98.34151431894696' 'present']
 ['0' '106.95838363823913' 'present']
 ['0' '111.83849230006362' 'present']
 ['7' '116.81992855907203' 'present']
 ['0' '118.69968063534255' 'marauded']
 ['5' '121.64561881940111' 'presentdestroyed']
 ['0' '121.67165153755258' 'presentdestroyed']
 ['5' '123.85973935953427' 'presentdestroyed']
 ['5' '123.90603565583058' 'presentdestroyed']
 ['4' '127.468756431136' 'present']
 ['0' '133.5548179791409' 'present']
 ['5' '160.6437592631746' 'present']
 ['4' '163.5496218531718' 'present']
 ['5' '182.9118537849175' 'present']
 ['4' '188.8229425301621' 'present']
 ['5' '189.54767244414256' 'present']
 ['5' '189.67764689099826' 'present']
 ['4' '198.15462238626287' 'marauded']
 ['8' '201.0406306070523' 'presentdestroyed']
 ['5' '221.9275620156783' 'present']
 ['5' '223.6153086418454' 'present']
 ['0' '229.01832369388623' 'marauded']
 ['4' '231.45139314766226' 'presentdestroyed']
 ['5' '232.0636149778743' 'presentdestroyed']
 ['0' '239.73837966602196' 'marauded']
 ['5' '243.95556759042415' 'presentdestroyed']
 ['5' '247.54958450373246' 'destroyed']
 ['4' '250.0304622286632' 'present']
 ['0' '264.8592111531743' 'present']
 ['5' '267.52914704987904' 'present']
 ['0' '274.3369516747608' 'present']
 ['4' '282.0759032036675' 'present']
 ['5' '283.63365984564234' 'present']
 ['4' '294.6549684697009' 'present']
 ['0' '296.97967773665164' 'present']
 ['5' '304.92864338589766' 'present']
 ['0' '309.85229687813273' 'present']
 ['0' '315.1003083633792' 'marauded']
 ['0' '322.1526434238466' 'presentdestroyed']
 ['0' '349.17999922630474' 'present']
 ['5' '353.68948099086236' 'present']
 ['5' '357.04060292798147' 'marauded']
 ['5' '358.4773560080992' 'destroyed']
 ['5' '359.0405292516398' 'presentdestroyed']]","[['F30' '31.613730592229608' 'destroyed']
 ['F35' '112.44230918944578' 'mated']
 ['F18' '112.60567276664763' 'mated']
 ['F22' '137.2243394358469' 'mated']
 ['F79' '157.65927660093408' 'mated']
 ['F50' '173.17776017778166' 'mated']
 ['F55' '184.4292675463425' 'mated']
 ['F51' '206.52683550454282' 'mated']
 ['F76' '238.46764446099868' 'mated']
 ['F10' '320.8730527856013' 'destroyed']
 ['F62' '342.6322841359488' 'absent']]",1000.0,0.0,554.0,74.62054065200812,16.066305371922404,1344.0,229.23108162687623,49.354467102361475,307.0,51.49546933716972,11.007055493865453,11.0,1.0999999999999999,0.11000000000000004,75.0,3.5681049912900673,0.1714677640603565
4,0.054,11,360.35265093698627,"[['3' '5.445603909571402' 'present']
 ['1' '7.56305482143106' 'present']
 ['7' '15.441943058411669' 'marauded']
 ['1' '17.034021293344892' 'presentdestroyed']
 ['7' '32.956180057895835' 'present']
 ['1' '37.10303507769908' 'present']
 ['3' '61.44160705670838' 'present']
 ['3' '62.07744940350274' 'present']
 ['1' '64.61535137972312' 'present']
 ['1' '71.70205564426915' 'present']
 ['5' '73.21610587486403' 'present']
 ['3' '80.55664768255346' 'marauded']
 ['1' '82.38877137386854' 'presentdestroyed']
 ['3' '83.40395550803825' 'presentdestroyed']
 ['5' '92.32347808291539' 'present']
 ['1' '96.12895101157483' 'marauded']
 ['1' '101.30191670959725' 'presentdestroyed']
 ['5' '104.13026799309672' 'present']
 ['3' '104.14306720414324' 'present']
 ['1' '110.15576817869328' 'present']
 ['5' '111.39472762471476' 'present']
 ['3' '133.3967075719705' 'marauded']
 ['3' '134.47008950131178' 'presentdestroyed']
 ['7' '136.86062069722195' 'presentdestroyed']
 ['1' '140.62807162481886' 'present']
 ['7' '144.22672836501678' 'present']
 ['1' '151.3541833064379' 'present']
 ['7' '153.95667659197133' 'marauded']
 ['1' '157.49884591041055' 'destroyed']
 ['5' '158.43233363346548' 'presentdestroyed']
 ['5' '161.3164882182788' 'presentdestroyed']
 ['7' '165.1938657788488' 'present']
 ['7' '170.36306062777817' 'present']
 ['7' '171.96647527050692' 'present']
 ['7' '172.36608273034227' 'present']
 ['1' '176.33983572383005' 'present']
 ['1' '179.23171301866304' 'present']
 ['5' '180.17281293544576' 'present']
 ['5' '181.02084229644348' 'present']
 ['1' '188.8061932975406' 'marauded']
 ['1' '190.68597993270095' 'presentdestroyed']
 ['5' '204.0253956492614' 'present']
 ['1' '235.06474522483978' 'present']
 ['3' '238.23187600583788' 'present']
 ['3' '253.10026708998436' 'present']
 ['5' '266.3390446618637' 'present']
 ['7' '268.568847262057' 'present']
 ['7' '275.06055542299515' 'present']
 ['1' '275.48192226808607' 'present']
 ['5' '282.23349279043157' 'marauded']
 ['3' '282.63804351605324' 'presentdestroyed']
 ['7' '287.5059452382617' 'presentdestroyed']
 ['7' '290.16852238516793' 'present']
 ['7' '290.4076843988936' 'present']
 ['3' '294.26686009761056' 'present']
 ['3' '294.47029161842346' 'present']
 ['3' '294.7372939219558' 'present']
 ['1' '301.40616927498576' 'present']
 ['5' '302.0972402739683' 'present']
 ['1' '305.1680262581245' 'marauded']
 ['1' '307.11302099523834' 'presentdestroyed']
 ['5' '310.2150940178309' 'presentdestroyed']
 ['7' '311.74434896525895' 'destroyed']
 ['3' '313.26065497485314' 'marauded']
 ['5' '320.5170343139018' 'presentdestroyed']
 ['1' '325.0450220980373' 'marauded']
 ['5' '330.7723496233494' 'presentdestroyed']
 ['3' '334.4296519430297' 'present']
 ['5' '335.9376456170779' 'present']
 ['5' '343.06486662417217' 'present']
 ['1' '350.2657296812198' 'present']
 ['7' '351.77990407733796' 'present']]","[['F56' '9.411412036362488' 'absent']
 ['F56' '9.457708332658786' 'mated']
 ['F69' '11.842866103713298' 'absent']
 ['F53' '33.0594329504951' 'mated']
 ['F39' '64.4884532365013' 'absent']
 ['F58' '92.77596619488382' 'mated']
 ['F37' '117.83693327774488' 'mated']
 ['F22' '137.1684548626438' 'absentdestroyed']
 ['F43' '205.08256514290912' 'mated']
 ['F36' '206.5595967756789' 'mated']
 ['F8' '243.3800722574972' 'mated']
 ['F29' '253.77921795677827' 'mated']
 ['F66' '266.21747779946224' 'mated']
 ['F62' '342.68816870915185' 'mated']
 ['F65' '343.9212488990564' 'mated']]",1000.0,1000.0,572.0,70.49135856640872,14.712627338412709,1302.0,224.44445960534372,48.96529393423693,380.0,60.90417718246226,12.461460833841631,11.0,1.0999999999999999,0.11000000000000004,69.0,3.232797552071582,0.15217764060356645
5,0.054,6,360.5690039040913,"[['2' '0.85831580886218' 'marauded']
 ['4' '41.46990870572025' 'marauded']
 ['2' '45.179798339357326' 'presentdestroyed']
 ['8' '51.47255639547705' 'present']
 ['4' '52.35788850869757' 'present']
 ['4' '55.54443379347678' 'marauded']
 ['4' '60.054295165967574' 'presentdestroyed']
 ['8' '61.12780854088944' 'presentdestroyed']
 ['4' '65.6361224192668' 'present']
 ['4' '65.6824187155631' 'present']
 ['3' '74.09938434708421' 'present']
 ['8' '83.19755405421122' 'present']
 ['8' '83.70120213539873' 'present']
 ['8' '89.55914993214465' 'present']
 ['3' '89.94720797964791' 'present']
 ['8' '92.53541552155683' 'present']
 ['8' '105.20847771423541' 'present']
 ['8' '110.39474367772767' 'present']
 ['4' '111.24197021636614' 'present']
 ['2' '125.8040579881404' 'present']
 ['8' '127.23470225102955' 'present']
 ['2' '127.68553151078623' 'present']
 ['8' '131.91149095849931' 'marauded']
 ['3' '134.42379320501547' 'presentdestroyed']
 ['3' '136.41369493298635' 'presentdestroyed']
 ['8' '137.16633069017416' 'presentdestroyed']
 ['2' '143.13288892194163' 'present']
 ['4' '147.50713791755132' 'present']
 ['3' '150.03121688575484' 'present']
 ['3' '156.88410424848135' 'present']
 ['8' '159.97833522716186' 'present']
 ['8' '162.51250368348974' 'present']
 ['8' '162.73440770952445' 'present']
 ['4' '162.80204863818793' 'present']
 ['8' '162.95159949732658' 'present']
 ['8' '178.19392957122326' 'present']
 ['4' '181.47396870878666' 'present']
 ['3' '188.08987013997512' 'present']
 ['3' '190.96447437613364' 'present']
 ['3' '193.45908268853995' 'marauded']
 ['3' '194.92700913585267' 'presentdestroyed']
 ['2' '199.85836795789177' 'presentdestroyed']
 ['4' '202.94677110114122' 'present']
 ['8' '205.5791030496152' 'present']
 ['4' '208.59619755235457' 'present']
 ['7' '209.741031687565' 'marauded']
 ['4' '219.3567315624262' 'present']
 ['2' '220.37586248925973' 'present']
 ['8' '220.78868104107715' 'present']
 ['3' '221.5582249068035' 'present']
 ['2' '222.8290968589965' 'present']
 ['2' '227.0360304413943' 'present']
 ['8' '233.21075788363837' 'marauded']
 ['8' '235.52684414475857' 'presentdestroyed']
 ['3' '239.29073543519763' 'presentdestroyed']
 ['3' '252.78666589095909' 'present']
 ['3' '256.9780633389688' 'marauded']
 ['8' '260.707288307767' 'presentdestroyed']
 ['8' '261.66274647121475' 'presentdestroyed']
 ['3' '264.7577773844212' 'present']
 ['3' '272.0716472133118' 'marauded']
 ['2' '280.55143175910695' 'present']
 ['8' '284.44031988723447' 'present']
 ['2' '290.73204900006436' 'marauded']
 ['4' '291.72730530173703' 'presentdestroyed']
 ['4' '292.6907861336249' 'presentdestroyed']
 ['8' '293.58032751073455' 'presentdestroyed']
 ['8' '296.90464316086207' 'presentdestroyed']
 ['3' '299.0786353610112' 'present']
 ['4' '321.3364787676304' 'marauded']
 ['3' '328.16212838430533' 'presentdestroyed']
 ['4' '334.06561895683797' 'present']
 ['8' '342.42672915603083' 'present']
 ['2' '347.30827078596803' 'present']
 ['2' '350.53302969548355' 'present']]","[['F30' '31.636878740377757' 'mated']
 ['F17' '161.07271966937085' 'mated']
 ['F5' '187.1314221244317' 'mated']
 ['F12' '196.64075163282655' 'absentdestroyed']
 ['F64' '200.2108923538352' 'destroyed']
 ['F43' '205.05941699476097' 'absent']
 ['F15' '217.78517459439325' 'mated']
 ['F70' '221.3109659190116' 'mated']
 ['F14' '230.04397572858267' 'absent']
 ['F66' '266.1943296513141' 'absent']
 ['F60' '282.9428746872208' 'mated']]",1000.0,2000.0,562.0,74.97323184744504,16.145881909370477,1275.0,213.5120223993409,45.71556605945303,387.0,66.98071827373946,14.039828280744725,10.0,0.9999999999999999,0.10000000000000003,79.0,3.6574074074074066,0.16932441700960202
6,0.0,8,360.3470002290549,"[['8' '5.618506243891086' 'marauded']
 ['3' '7.346672696612307' 'destroyed']
 ['8' '8.961412944584069' 'presentdestroyed']
 ['3' '13.088939912402893' 'destroyed']
 ['8' '26.31500920238048' 'marauded']
 ['3' '27.17897440669817' 'presentdestroyed']
 ['7' '28.808701485380606' 'presentdestroyed']
 ['0' '32.674038956457025' 'destroyed']
 ['7' '36.81176111990493' 'present']
 ['0' '41.44996409605746' 'marauded']
 ['0' '42.51705632236502' 'presentdestroyed']
 ['0' '49.668497844522314' 'present']
 ['0' '59.349771900414574' 'present']
 ['3' '63.4595749331014' 'present']
 ['7' '70.88591612057324' 'present']
 ['0' '74.55200969935443' 'present']
 ['3' '82.46219884414687' 'present']
 ['3' '83.01847037107375' 'present']
 ['0' '89.64822121714116' 'present']
 ['8' '92.60389213279022' 'marauded']
 ['7' '96.47378755727972' 'presentdestroyed']
 ['7' '99.44201773951401' 'presentdestroyed']
 ['8' '100.74183388790695' 'present']
 ['8' '104.5412407278046' 'present']
 ['7' '106.70975801897414' 'marauded']
 ['8' '110.34844738143137' 'destroyed']
 ['8' '112.18890326618701' 'presentdestroyed']
 ['0' '117.00135232950174' 'marauded']
 ['0' '135.54397489876874' 'present']
 ['7' '140.222509678499' 'present']
 ['3' '147.87080937519409' 'present']
 ['7' '147.8781367081052' 'present']
 ['3' '149.03032875760675' 'present']
 ['0' '149.9452641803347' 'present']
 ['7' '166.79241957594047' 'present']
 ['0' '170.20665837972004' 'present']
 ['7' '170.88018712279901' 'present']
 ['3' '171.76731001265145' 'marauded']
 ['8' '174.62801662457647' 'presentdestroyed']
 ['3' '177.36184194555418' 'presentdestroyed']
 ['8' '183.99354383445467' 'present']
 ['7' '183.9959651420429' 'present']
 ['3' '184.269550630239' 'present']
 ['3' '186.73932769877447' 'present']
 ['8' '188.82895518092587' 'present']
 ['8' '197.2422865172474' 'present']
 ['0' '200.79352596342585' 'present']
 ['7' '201.5731356584365' 'marauded']
 ['7' '203.295565192233' 'presentdestroyed']
 ['0' '217.60122806948792' 'marauded']
 ['7' '217.97608583333962' 'presentdestroyed']
 ['7' '227.63017542476305' 'present']
 ['0' '229.16461999018253' 'marauded']
 ['8' '235.62967425180136' 'presentdestroyed']
 ['3' '261.5509264156817' 'present']
 ['8' '277.5037979483592' 'present']
 ['8' '285.2971155958058' 'present']
 ['8' '286.4153764689105' 'present']
 ['7' '289.7435511259386' 'present']
 ['0' '293.6562397329005' 'present']
 ['7' '293.7666033675911' 'present']
 ['7' '294.1805449153195' 'present']
 ['0' '296.80272751762425' 'present']
 ['8' '297.34386113263014' 'marauded']
 ['7' '298.68383221425944' 'presentdestroyed']
 ['0' '316.181930698509' 'present']
 ['0' '322.31242021210994' 'present']
 ['7' '327.1057732631396' 'present']
 ['0' '334.1739160061831' 'present']
 ['7' '340.5208883918755' 'present']
 ['3' '340.8112893825394' 'present']
 ['3' '341.48365882693605' 'present']
 ['8' '348.2995544316797' 'present']
 ['8' '348.345850727976' 'present']
 ['0' '358.0031936796665' 'present']]","[['F30' '31.59058244408146' 'destroyed']
 ['F28' '70.99799339235544' 'mated']
 ['F3' '98.54602930229915' 'absentdestroyed']
 ['F80' '128.9354331705682' 'mated']
 ['F6' '152.71756722528542' 'mated']
 ['F9' '174.05302326709653' 'destroyed']
 ['F0' '192.23683304052096' 'mated']
 ['F2' '193.83717206818855' 'mated']
 ['F14' '230.01123930352773' 'destroyed']
 ['F73' '283.2525219409356' 'mated']
 ['F52' '284.13298660834374' 'mated']
 ['F23' '292.54169864976154' 'mated']]",2000.0,0.0,568.0,69.32039285594404,14.719670784244146,1329.0,223.54624910130755,47.56684310521424,395.0,67.19191371986179,14.66891184696841,0.0,0.0,0.0,0.0,0.0,0.0
7,0.054,16,360.4476205095021,"[['4' '2.6421170699635548' 'marauded']
 ['8' '3.689557652885899' 'destroyed']
 ['1' '4.371136606425751' 'presentdestroyed']
 ['8' '7.548221869685988' 'presentdestroyed']
 ['8' '17.83229424491209' 'present']
 ['1' '20.818523286810848' 'present']
 ['4' '24.68481908240075' 'present']
 ['8' '27.37289716471204' 'present']
 ['1' '45.52166194143949' 'present']
 ['1' '47.964695294105745' 'present']
 ['4' '48.058655869707884' 'present']
 ['1' '50.809709513372795' 'marauded']
 ['4' '64.01763558082195' 'present']
 ['8' '75.3949432996052' 'present']
 ['1' '76.55872729283018' 'present']
 ['8' '78.07926429937207' 'present']
 ['8' '81.06459347642235' 'present']
 ['8' '85.06307752098292' 'marauded']
 ['1' '91.11641037248819' 'presentdestroyed']
 ['4' '108.21005784909413' 'marauded']
 ['8' '113.30239540764444' 'presentdestroyed']
 ['4' '114.16239975273122' 'presentdestroyed']
 ['1' '117.14630423517917' 'marauded']
 ['1' '120.65096139423576' 'presentdestroyed']
 ['1' '121.0029136254811' 'presentdestroyed']
 ['4' '124.28458503258432' 'presentdestroyed']
 ['1' '134.31805684707734' 'present']
 ['8' '141.42366003514496' 'present']
 ['8' '154.7964082399806' 'present']
 ['1' '164.77520139559957' 'present']
 ['4' '169.89449326395209' 'present']
 ['8' '172.19692563767953' 'present']
 ['4' '172.96057809465535' 'present']
 ['4' '173.00687439095165' 'present']
 ['4' '174.29806113831182' 'present']
 ['8' '178.4586258007708' 'present']
 ['8' '181.0770309389663' 'present']
 ['8' '194.59696242930838' 'present']
 ['8' '213.0360945741873' 'present']
 ['8' '222.18454873885923' 'present']
 ['4' '245.2280989912015' 'present']
 ['1' '247.31037627739119' 'marauded']
 ['4' '252.86412713640306' 'presentdestroyed']
 ['1' '258.99210342257953' 'present']
 ['4' '264.79565180437794' 'present']
 ['8' '279.11594913243607' 'present']
 ['3' '279.9210955556046' 'present']
 ['1' '281.02446107868036' 'present']
 ['1' '287.23478211992636' 'present']
 ['4' '291.6810090054407' 'present']
 ['8' '294.00559083792234' 'present']
 ['4' '295.2807358452' 'present']
 ['1' '296.59101462198714' 'present']
 ['1' '305.860312074487' 'present']
 ['1' '307.15931729153465' 'present']
 ['1' '312.25077036960397' 'present']
 ['1' '319.6043739602729' 'present']
 ['8' '333.63994744742683' 'present']
 ['4' '336.94677822119166' 'present']
 ['8' '349.95214792601456' 'present']
 ['1' '352.28116662815796' 'present']
 ['1' '357.0548966685101' 'present']]","[['F56' '9.434560184510637' 'absentdestroyed']
 ['F69' '11.866014251861447' 'mated']
 ['F20' '59.22733012206397' 'mated']
 ['F39' '64.51160138464945' 'mated']
 ['F38' '76.72609785015317' 'absent']
 ['F75' '125.84348936310715' 'mated']
 ['F57' '132.4789087302688' 'mated']
 ['F41' '146.69189352698828' 'mated']
 ['F9' '174.0761714152447' 'mated']
 ['F54' '187.52853051996112' 'mated']
 ['F77' '191.28897716186322' 'mated']
 ['F40' '194.7786170172069' 'mated']
 ['F34' '201.51459624459534' 'mated']
 ['F11' '210.28401198705134' 'mated']
 ['F49' '226.60573238916785' 'mated']
 ['F27' '291.1386682037553' 'mated']
 ['F32' '320.2848873210294' 'mated']
 ['F62' '342.6650205610037' 'absent']
 ['F67' '343.66195389546124' 'mated']]",2000.0,1000.0,552.0,69.36190017593024,14.68549608624032,1476.0,249.60834692112704,53.1718911776353,216.0,36.62525529866831,7.871755880910678,8.0,0.7999999999999999,0.08000000000000002,80.0,3.76123336514441,0.1778978052126198
8,0.054,6,360.0195801658296,"[['2' '3.755633271455317' 'present']
 ['7' '26.73055885223825' 'present']
 ['2' '30.413040995799296' 'marauded']
 ['2' '39.10996465126242' 'present']
 ['5' '40.73071587847189' 'marauded']
 ['7' '47.465714975599944' 'presentdestroyed']
 ['2' '48.998305393438855' 'present']
 ['5' '49.67136184200935' 'present']
 ['2' '50.6874721614821' 'present']
 ['2' '58.543428012282305' 'present']
 ['7' '58.9632417304205' 'present']
 ['5' '63.077974750451766' 'present']
 ['5' '71.09230984629828' 'present']
 ['5' '86.1387721322468' 'present']
 ['2' '92.00371902407963' 'present']
 ['5' '94.01608310980359' 'present']
 ['7' '98.09124354574712' 'present']
 ['5' '113.70394293007004' 'present']
 ['5' '124.07042951909098' 'present']
 ['5' '127.33130626475979' 'present']
 ['2' '128.80289497337773' 'present']
 ['2' '143.46062829383865' 'present']
 ['7' '147.83184041180888' 'present']
 ['7' '149.43562026346555' 'present']
 ['0' '155.9210519883048' 'present']
 ['5' '158.2935939360656' 'present']
 ['5' '164.20186271775358' 'present']
 ['5' '166.87134697249274' 'present']
 ['7' '172.63300351152694' 'present']
 ['7' '172.76938127534106' 'present']
 ['7' '177.68347985121738' 'present']
 ['2' '179.2218930876337' 'present']
 ['5' '180.21910923174207' 'present']
 ['7' '182.89042596855694' 'present']
 ['2' '194.37256959061912' 'present']
 ['2' '199.1918053706986' 'present']
 ['7' '204.89882277901003' 'present']
 ['7' '220.88452642252344' 'present']
 ['7' '222.87836613192505' 'present']
 ['5' '226.88666937422812' 'present']
 ['7' '240.9531014386977' 'present']
 ['5' '241.34791977259925' 'present']
 ['5' '242.5892508321441' 'present']
 ['2' '245.53488748373303' 'marauded']
 ['5' '251.3101591823826' 'presentdestroyed']
 ['7' '261.3070604044114' 'present']
 ['5' '266.8785364502109' 'present']
 ['5' '268.15934728836635' 'marauded']
 ['5' '269.4939250924912' 'presentdestroyed']
 ['5' '269.83188882131964' 'presentdestroyed']
 ['7' '300.9041839759506' 'marauded']
 ['2' '316.0577908788955' 'present']
 ['7' '322.6761333215214' 'marauded']
 ['2' '326.7457061943483' 'presentdestroyed']
 ['5' '330.42223639420496' 'present']
 ['7' '343.5113923448142' 'present']
 ['5' '345.52458440860323' 'present']
 ['3' '353.48976877532215' 'present']]","[['F44' '152.90044672466354' 'absent']
 ['F44' '152.94674302095984' 'mated']
 ['F25' '170.4658954974656' 'mated']
 ['F31' '174.0315698180854' 'mated']
 ['F42' '183.1790754083077' 'mated']
 ['F59' '202.65644471859977' 'absent']
 ['F11' '210.2608638389032' 'absent']
 ['F74' '316.3405510721336' 'mated']
 ['F63' '331.06065868150336' 'mated']]",2000.0,2000.0,557.0,69.05000996310443,13.837818198454809,1449.0,248.97091556987954,53.58582709605297,214.0,36.65927980774724,8.059719558026185,12.0,1.2,0.12000000000000005,91.0,4.289669178217241,0.2036179698216732
