id,probability_maraud,successful_mating,next_foraging_time,mar_attempts,mate_attempts,x_pos,y_pos,foraging_events,foraging_hrs,foraging_sqhrs,staying_events,staying_hrs,staying_sqhrs,repairing_events,repairing_hrs,repairing_sqhrs,marauding_events,marauding_hrs,marauding_sqhrs,traveling_events,traveling_hrs,traveling_sqhrs
0,0.054,3,360.10807563706726,"[['4' '0.44562424883001933' 'present']
 ['1' '3.8104984048994988' 'marauded']
 ['4' '11.706463578415098' 'present']
 ['17' '15.923753267061809' 'present']
 ['11' '15.979919323093158' 'present']
 ['3' '23.046648765578393' 'present']
 ['15' '24.253234086420566' 'present']
 ['17' '30.47744356157105' 'present']
 ['7' '33.53458796177398' 'present']
 ['5' '36.18256317981605' 'present']
 ['11' '37.781432564572036' 'present']
 ['4' '38.859084452804' 'present']
 ['14' '39.72880760452691' 'marauded']
 ['17' '40.78233131491145' 'presentdestroyed']
 ['3' '49.829964613541286' 'marauded']
 ['15' '54.09085039643353' 'presentdestroyed']
 ['3' '56.59663840190975' 'presentdestroyed']
 ['15' '65.82762394483026' 'present']
 ['11' '67.8371718861128' 'present']
 ['12' '72.10180444364772' 'marauded']
 ['17' '76.29170575159868' 'presentdestroyed']
 ['1' '77.64736086931099' 'presentdestroyed']
 ['2' '81.38153603785022' 'present']
 ['8' '84.60941969213586' 'marauded']
 ['2' '86.22588965600295' 'presentdestroyed']
 ['5' '90.2285195174364' 'destroyed']
 ['2' '96.85424357010432' 'present']
 ['12' '98.29356148911303' 'present']
 ['3' '100.65344791081448' 'present']
 ['19' '102.13034083401774' 'present']
 ['11' '108.48389268423462' 'marauded']
 ['7' '115.56519687092995' 'destroyed']
 ['18' '117.0384965898011' 'present']
 ['17' '117.51058417752967' 'present']
 ['12' '124.44493472113683' 'marauded']
 ['19' '127.72709497907393' 'presentdestroyed']
 ['17' '127.9758339498663' 'destroyed']
 ['8' '130.52560135312999' 'presentdestroyed']
 ['6' '139.31348712196424' 'present']
 ['15' '142.44763511801574' 'present']
 ['23' '148.98714909060277' 'present']
 ['8' '175.13366564492694' 'present']
 ['1' '181.24608061541147' 'present']
 ['3' '183.3179810532355' 'present']
 ['7' '191.26847692642394' 'present']
 ['7' '195.00415715188652' 'present']
 ['8' '196.93704656898032' 'present']
 ['19' '204.74804273085033' 'present']
 ['9' '208.76452741832335' 'present']
 ['3' '211.48234857496806' 'marauded']
 ['14' '216.46614429190353' 'presentdestroyed']
 ['12' '217.63984213542744' 'destroyed']
 ['5' '224.35107278766174' 'present']
 ['5' '237.01136766879307' 'present']
 ['1' '238.35265578668316' 'present']
 ['21' '249.27510887688447' 'marauded']
 ['11' '251.42181098287472' 'presentdestroyed']
 ['4' '252.8672595215957' 'presentdestroyed']
 ['6' '254.20876638753617' 'destroyed']
 ['18' '267.1013408236011' 'present']
 ['12' '267.9354388545128' 'present']
 ['14' '271.9696057283007' 'present']
 ['1' '274.248633438411' 'present']
 ['17' '276.140050352383' 'present']
 ['6' '276.79380544156913' 'present']
 ['12' '277.14092606668464' 'present']
 ['3' '277.8231108700721' 'present']
 ['21' '281.76035932680395' 'present']
 ['17' '290.05910892143095' 'marauded']
 ['4' '295.67342603107386' 'presentdestroyed']
 ['21' '296.81030574373364' 'destroyed']
 ['5' '300.1498334138562' 'marauded']
 ['15' '301.34251411124154' 'presentdestroyed']
 ['16' '303.015034501672' 'presentdestroyed']
 ['4' '305.0294654916138' 'presentdestroyed']
 ['18' '308.85481330531127' 'marauded']
 ['15' '313.0397538320085' 'presentdestroyed']
 ['11' '328.77086442983455' 'present']
 ['6' '339.24977011282783' 'present']
 ['16' '342.6630352825977' 'marauded']
 ['4' '349.2642541493816' 'presentdestroyed']]","[['F165' '72.98730805408604' 'destroyed']
 ['F54' '103.40916224704746' 'absent']
 ['F31' '138.31905233773213' 'mated']
 ['F206' '165.114269776044' 'mated']
 ['F33' '266.87553126264925' 'absent']
 ['F198' '275.7177322907689' 'mated']]",0.0,0.0,557.0,71.40577672604769,14.58842589385055,1220.0,207.3663299866392,45.12832056974907,447.0,79.27421613447197,17.590277641368154,14.0,1.4000000000000001,0.14000000000000007,64.0,0.5742378405829972,0.006001371742112485
1,0.054,6,359.7980830461806,"[['14' '12.002005172514359' 'present']
 ['5' '13.754687177551535' 'present']
 ['9' '14.734335116583766' 'present']
 ['14' '14.971441177396995' 'present']
 ['7' '24.337523189034254' 'present']
 ['5' '28.7846940829239' 'present']
 ['6' '29.676840990981198' 'marauded']
 ['4' '30.533274786636486' 'destroyed']
 ['11' '34.36813028886667' 'destroyed']
 ['0' '48.63603567146416' 'present']
 ['5' '51.177485646305435' 'present']
 ['2' '57.5660649711283' 'marauded']
 ['3' '58.49101566699276' 'destroyed']
 ['19' '59.553901046442725' 'presentdestroyed']
 ['12' '67.56165394446936' 'marauded']
 ['11' '68.2355912449259' 'presentdestroyed']
 ['16' '80.9546023150211' 'present']
 ['12' '91.12694285099967' 'present']
 ['17' '92.91056516948245' 'present']
 ['2' '93.41269547623868' 'present']
 ['14' '94.03762776287226' 'marauded']
 ['9' '95.05792558976351' 'presentdestroyed']
 ['4' '96.80884995811972' 'presentdestroyed']
 ['5' '97.79185925862076' 'presentdestroyed']
 ['16' '102.92594072774452' 'present']
 ['19' '109.53383645218486' 'present']
 ['18' '112.91906012523432' 'present']
 ['11' '113.62612461903967' 'marauded']
 ['2' '119.55875977768801' 'presentdestroyed']
 ['0' '120.64693203976219' 'presentdestroyed']
 ['7' '123.22150539677966' 'marauded']
 ['5' '130.5319682941981' 'present']
 ['23' '133.04631919421485' 'present']
 ['21' '142.5085022099703' 'marauded']
 ['15' '145.3493903086373' 'presentdestroyed']
 ['5' '158.29022734028567' 'present']
 ['15' '161.01918637457493' 'marauded']
 ['3' '162.63903801909743' 'presentdestroyed']
 ['15' '170.3170092983569' 'present']
 ['9' '179.49128863844405' 'present']
 ['23' '179.58124911812462' 'present']
 ['21' '186.6577394103635' 'marauded']
 ['9' '189.73642908486195' 'presentdestroyed']
 ['18' '190.95979158912397' 'presentdestroyed']
 ['5' '191.16227561877386' 'presentdestroyed']
 ['18' '193.56834877992063' 'presentdestroyed']
 ['0' '198.53425697140483' 'present']
 ['11' '199.82455934986467' 'present']
 ['12' '205.95613430754426' 'present']
 ['15' '209.38216031877747' 'present']
 ['21' '210.13376508729684' 'marauded']
 ['9' '213.50307390549912' 'presentdestroyed']
 ['23' '222.31672560480024' 'present']
 ['17' '226.47564687701572' 'present']
 ['7' '227.77304073231912' 'marauded']
 ['7' '229.0157765401169' 'presentdestroyed']
 ['8' '242.08421081582065' 'present']
 ['19' '242.23644735303455' 'marauded']
 ['5' '253.66627867085143' 'present']
 ['15' '262.3764870915903' 'present']
 ['7' '263.9738837133852' 'marauded']
 ['7' '265.7497877336791' 'presentdestroyed']
 ['7' '270.7859423573307' 'presentdestroyed']
 ['17' '284.5074618976945' 'present']
 ['3' '299.48204738393326' 'present']
 ['6' '303.0212381732053' 'present']
 ['4' '306.6016908749909' 'present']
 ['12' '311.38425766280704' 'marauded']
 ['21' '314.8225061138136' 'presentdestroyed']
 ['8' '324.6460717092394' 'marauded']
 ['21' '330.4859758220371' 'destroyed']
 ['3' '331.786317923407' 'presentdestroyed']
 ['2' '338.12910966092926' 'present']
 ['21' '340.767341153947' 'present']
 ['7' '353.01932685928233' 'present']
 ['5' '353.7694321220158' 'marauded']
 ['6' '357.9665172612136' 'presentdestroyed']]","[['F60' '21.1474973574584' 'mated']
 ['F167' '33.13630117383719' 'absentdestroyed']
 ['F151' '35.626173519434026' 'destroyed']
 ['F65' '57.388337190494816' 'mated']
 ['F165' '73.00079978354147' 'destroyed']
 ['F44' '116.93599742026126' 'destroyed']
 ['F196' '134.05263829334774' 'absent']
 ['F53' '165.17561374787715' 'destroyed']
 ['F204' '177.65263406003928' 'mated']
 ['F87' '192.10745067216752' 'destroyed']
 ['F25' '195.19400241692554' 'mated']
 ['F152' '221.17113200426795' 'mated']
 ['F163' '264.38504296779166' 'destroyed']
 ['F62' '309.59425872094437' 'mated']]",0.0,100.0,569.0,73.07241800884053,15.547746801104841,1134.0,189.44043448088917,40.192370611858394,574.0,96.32832003098571,20.482524017955242,7.0,0.7,0.07,61.0,0.5288694850966904,0.005358367626886147
2,0.054,11,359.848769110188,"[['5' '5.332966214928683' 'present']
 ['8' '6.594963473125782' 'present']
 ['1' '7.8380704533967815' 'present']
 ['23' '10.527891282597004' 'present']
 ['12' '16.757573708793153' 'present']
 ['21' '18.226002634835595' 'marauded']
 ['19' '18.474049260623904' 'presentdestroyed']
 ['9' '19.087522876757482' 'presentdestroyed']
 ['23' '22.570673965026277' 'presentdestroyed']
 ['12' '24.646783374542853' 'presentdestroyed']
 ['12' '25.1582205081636' 'presentdestroyed']
 ['18' '26.72854225173525' 'present']
 ['9' '30.356017653664093' 'marauded']
 ['23' '34.149917955029494' 'presentdestroyed']
 ['9' '37.30840227325342' 'presentdestroyed']
 ['19' '60.23716032553976' 'marauded']
 ['7' '62.19290381082581' 'presentdestroyed']
 ['14' '65.02715870502814' 'destroyed']
 ['5' '72.03306455145581' 'present']
 ['1' '87.45675887535327' 'present']
 ['8' '95.35341376934832' 'present']
 ['15' '106.23209849511919' 'marauded']
 ['8' '106.82676314385037' 'presentdestroyed']
 ['0' '108.2440450908636' 'presentdestroyed']
 ['11' '112.92584101529683' 'presentdestroyed']
 ['8' '120.47565040106655' 'marauded']
 ['12' '123.89063902165547' 'presentdestroyed']
 ['17' '127.51916964848803' 'destroyed']
 ['17' '137.48740779119873' 'marauded']
 ['8' '147.791942222352' 'present']
 ['19' '155.05209329933393' 'marauded']
 ['11' '158.48772114601505' 'presentdestroyed']
 ['21' '165.643930635161' 'present']
 ['4' '174.18621275213545' 'present']
 ['19' '174.74495967405946' 'present']
 ['21' '181.67205798695034' 'present']
 ['5' '194.50661663389604' 'present']
 ['11' '196.74592790755668' 'marauded']
 ['23' '198.51749092725288' 'presentdestroyed']
 ['4' '231.23232786477655' 'present']
 ['11' '231.52168535279085' 'present']
 ['8' '233.2650235341889' 'present']
 ['8' '236.79820446700165' 'present']
 ['12' '253.79537151050326' 'present']
 ['17' '260.95423283537434' 'marauded']
 ['21' '269.5228099964376' 'present']
 ['15' '271.323557566435' 'present']
 ['0' '279.6604328504272' 'marauded']
 ['3' '279.67732071352526' 'destroyed']
 ['11' '286.32262016148786' 'presentdestroyed']
 ['6' '289.1664586682467' 'present']
 ['17' '290.6821356509996' 'marauded']
 ['7' '291.77456298331566' 'presentdestroyed']
 ['7' '309.55028432738465' 'present']
 ['14' '315.3237018447995' 'marauded']
 ['15' '319.3315993467242' 'presentdestroyed']
 ['3' '319.5318239151354' 'presentdestroyed']
 ['3' '323.0427746699965' 'present']
 ['21' '323.5331430143086' 'present']
 ['3' '323.5390515807897' 'present']
 ['17' '324.7596338497206' 'marauded']
 ['9' '326.07147935186345' 'presentdestroyed']
 ['5' '327.6621233247135' 'presentdestroyed']
 ['14' '336.53027513449916' 'present']
 ['3' '342.52986728551895' 'present']
 ['3' '343.3718706755142' 'marauded']
 ['7' '343.85353379320964' 'presentdestroyed']
 ['5' '344.5103888422716' 'destroyed']]","[['F143' '114.4641520525842' 'mated']
 ['F211' '147.52665834174206' 'absent']
 ['F192' '160.22944411624087' 'destroyed']
 ['F147' '164.7364306931633' 'mated']
 ['F203' '165.4188363435343' 'mated']
 ['F49' '169.10331234172847' 'mated']
 ['F134' '176.9562480341655' 'mated']
 ['F204' '177.65031924522447' 'absent']
 ['F153' '185.89962320044629' 'mated']
 ['F185' '224.29369881835146' 'mated']
 ['F183' '227.0597881898465' 'mated']
 ['F16' '227.63730318768927' 'mated']
 ['F34' '253.2631959729521' 'mated']
 ['F55' '259.2391911921856' 'mated']
 ['F129' '262.64023562458243' 'absentdestroyed']
 ['F122' '294.3851968269953' 'destroyed']]",0.0,200.0,567.0,69.36754078416095,14.483477292071477,1183.0,203.17551408438158,44.03926252579771,516.0,85.91864482931224,18.12350063928432,10.0,0.9999999999999999,0.10000000000000003,73.0,0.7324418594526257,0.008230452674897122
3,0.054,15,360.2108211602767,"[['1' '5.635507366124351' 'present']
 ['4' '13.032260327086346' 'present']
 ['7' '13.207889088741453' 'marauded']
 ['16' '16.161381607048547' 'destroyed']
 ['9' '22.83407659886555' 'present']
 ['15' '23.19103218303684' 'present']
 ['1' '23.413157214981858' 'present']
 ['4' '24.182530142547687' 'present']
 ['14' '36.12834238531237' 'present']
 ['17' '41.003363092186554' 'marauded']
 ['12' '49.712927617603086' 'present']
 ['18' '51.81301510549861' 'present']
 ['2' '53.98652838982298' 'present']
 ['8' '59.2836052026485' 'present']
 ['5' '61.828955402525104' 'marauded']
 ['21' '72.41247283466683' 'present']
 ['1' '78.55968568451566' 'present']
 ['18' '84.6882547167868' 'present']
 ['21' '89.64858907028497' 'present']
 ['23' '95.86158156537132' 'present']
 ['14' '103.90385436544966' 'present']
 ['18' '108.78805068261481' 'present']
 ['15' '119.38569137378158' 'present']
 ['19' '126.9520027325787' 'present']
 ['23' '129.80102173887428' 'present']
 ['14' '131.30382892621074' 'present']
 ['18' '135.51985139991953' 'present']
 ['0' '137.29644605933458' 'marauded']
 ['8' '142.57343707514326' 'destroyed']
 ['16' '142.80764461908564' 'presentdestroyed']
 ['19' '152.64920729504183' 'present']
 ['5' '152.69274475489638' 'present']
 ['0' '154.44464634169228' 'marauded']
 ['7' '160.12594146164997' 'presentdestroyed']
 ['5' '167.7951363624043' 'present']
 ['7' '172.86335606082267' 'marauded']
 ['2' '185.4987820546771' 'present']
 ['19' '191.26359696674092' 'present']
 ['19' '192.25351631791037' 'present']
 ['7' '195.16590105279028' 'present']
 ['7' '195.85403753030343' 'present']
 ['11' '196.22217533546822' 'present']
 ['0' '198.53888660103445' 'marauded']
 ['21' '205.7157777516649' 'present']
 ['7' '223.89243151250238' 'marauded']
 ['23' '257.6866852857045' 'present']
 ['15' '266.22297770372285' 'marauded']
 ['1' '277.71349225019' 'present']
 ['5' '283.5011677701772' 'present']
 ['12' '283.7134701132435' 'marauded']
 ['18' '285.52884917678136' 'presentdestroyed']
 ['12' '300.790791416682' 'marauded']
 ['6' '310.0928605088278' 'present']
 ['18' '319.8498389236622' 'present']
 ['18' '340.462197550566' 'present']
 ['4' '343.99604675320626' 'present']]","[['F155' '50.618012057617214' 'absent']
 ['F135' '61.007868060907406' 'mated']
 ['F109' '67.01507751841146' 'destroyed']
 ['F165' '72.98962286890085' 'absent']
 ['F83' '96.5458210380935' 'mated']
 ['F54' '103.4208856153397' 'mated']
 ['F142' '103.97453629781933' 'mated']
 ['F191' '114.60428031167275' 'mated']
 ['F19' '114.63487913016522' 'mated']
 ['F75' '119.82550754286432' 'mated']
 ['F31' '138.31673752291732' 'destroyed']
 ['F136' '153.57251491819383' 'mated']
 ['F127' '155.17549315063346' 'destroyed']
 ['F148' '163.3586071271646' 'mated']
 ['F80' '189.77222596861313' 'mated']
 ['F176' '191.47238850238068' 'mated']
 ['F42' '204.57033521932377' 'destroyed']
 ['F3' '213.48888441915022' 'mated']
 ['F67' '221.02461378796357' 'mated']
 ['F81' '222.45430176396204' 'mated']
 ['F137' '231.09012091926596' 'absentdestroyed']
 ['F84' '278.35513734380135' 'mated']]",0.0,300.0,566.0,69.62180701329102,14.034029572131056,1325.0,221.68333958287204,47.21333639939061,392.0,67.15029526245499,14.612735241563485,10.0,0.9999999999999999,0.10000000000000003,73.0,0.6709582124512975,0.007073045267489715
4,0.054,8,360.1456610524658,"[['11' '2.186994519785255' 'present']
 ['21' '3.8374403885281807' 'marauded']
 ['15' '33.79941214779995' 'present']
 ['11' '38.825517897123135' 'present']
 ['2' '43.41565403066193' 'present']
 ['16' '43.54478376029647' 'present']
 ['23' '51.68296683952176' 'marauded']
 ['8' '55.64158223373076' 'presentdestroyed']
 ['8' '58.08199113242242' 'presentdestroyed']
 ['0' '60.455760501616695' 'marauded']
 ['0' '61.379899099662985' 'presentdestroyed']
 ['16' '63.54283692474026' 'presentdestroyed']
 ['16' '82.25265964259764' 'present']
 ['21' '84.1819525624911' 'marauded']
 ['9' '87.41233922066637' 'presentdestroyed']
 ['21' '89.63823690372246' 'presentdestroyed']
 ['21' '89.86072876404376' 'presentdestroyed']
 ['11' '98.92857096071191' 'present']
 ['11' '102.22343291689847' 'present']
 ['16' '103.61617169776162' 'present']
 ['6' '104.85561337978997' 'present']
 ['16' '124.28188196513855' 'present']
 ['21' '134.1146505903737' 'marauded']
 ['21' '135.89023820945593' 'presentdestroyed']
 ['11' '145.4605413553169' 'present']
 ['21' '148.43538400325951' 'marauded']
 ['15' '151.8254676232544' 'presentdestroyed']
 ['14' '157.7347265226855' 'present']
 ['5' '160.18720782838784' 'marauded']
 ['14' '165.7098085074519' 'presentdestroyed']
 ['3' '167.04829633867232' 'presentdestroyed']
 ['9' '174.37298329582967' 'present']
 ['6' '190.01064249034343' 'present']
 ['6' '191.30941295386984' 'present']
 ['23' '199.43736269805405' 'present']
 ['14' '200.2934401782249' 'present']
 ['8' '201.41591349444093' 'marauded']
 ['15' '207.75819950369362' 'presentdestroyed']
 ['5' '208.66441895027262' 'presentdestroyed']
 ['3' '213.9568799239877' 'present']
 ['18' '226.7109849942378' 'present']
 ['17' '227.78681046148128' 'present']
 ['11' '236.3883999274448' 'present']
 ['15' '244.17200756279846' 'present']
 ['12' '261.04769553596077' 'present']
 ['6' '261.5718937918093' 'marauded']
 ['11' '274.92847087348963' 'present']
 ['1' '277.28785107096417' 'present']
 ['7' '279.1934304151313' 'present']
 ['9' '280.4177733658438' 'present']
 ['23' '287.9075627093646' 'marauded']
 ['1' '302.19025703412603' 'present']
 ['7' '305.05149383841166' 'present']
 ['16' '305.53263438385335' 'present']
 ['18' '319.27351982060986' 'marauded']
 ['19' '321.3911699471837' 'destroyed']
 ['1' '324.21173720841745' 'destroyed']
 ['0' '330.4671753039281' 'present']
 ['3' '331.47267852994327' 'present']
 ['19' '333.52557879106547' 'present']
 ['2' '334.22453239241577' 'present']
 ['9' '334.8507296377765' 'marauded']
 ['5' '351.01658788303655' 'present']]","[['F200' '69.34923067535291' 'mated']
 ['F214' '98.24815723235513' 'mated']
 ['F31' '138.31346388041183' 'destroyed']
 ['F179' '153.39682241477433' 'absentdestroyed']
 ['F2' '162.87577193936346' 'destroyed']
 ['F53' '165.17234010537166' 'destroyed']
 ['F171' '168.73317029978338' 'mated']
 ['F27' '180.62748214113213' 'mated']
 ['F79' '217.33025327009085' 'mated']
 ['F161' '246.8204507322508' 'mated']
 ['F33' '266.883980988436' 'absentdestroyed']
 ['F17' '273.88736104996' 'mated']
 ['F133' '294.27065390751767' 'destroyed']
 ['F112' '352.1803395146305' 'mated']]",100.0,0.0,573.0,71.9890448539828,15.400052739150361,1265.0,213.2447798150974,45.561852678112025,441.0,73.1431840361595,14.866159940912826,11.0,1.0999999999999999,0.11000000000000004,66.0,0.5775346037572172,0.006001371742112487
5,0.054,10,360.11003869699783,"[['18' '2.1758249788645507' 'present']
 ['1' '7.338968101007722' 'present']
 ['23' '15.45446029543822' 'present']
 ['1' '20.575676200278938' 'present']
 ['1' '21.913557643394583' 'present']
 ['3' '61.545070234059374' 'present']
 ['0' '63.90590627748096' 'marauded']
 ['1' '66.10578239492187' 'presentdestroyed']
 ['8' '67.62989503608394' 'presentdestroyed']
 ['11' '69.95672630828892' 'presentdestroyed']
 ['6' '72.22559598657777' 'present']
 ['18' '72.22794867492537' 'present']
 ['1' '86.4314683519099' 'present']
 ['18' '94.95726321335161' 'present']
 ['9' '100.18317976033087' 'present']
 ['15' '107.27201903625061' 'present']
 ['23' '109.74355748174285' 'present']
 ['9' '112.03750204581289' 'marauded']
 ['17' '115.18778124026004' 'presentdestroyed']
 ['0' '117.61487754242529' 'presentdestroyed']
 ['11' '121.3006894759796' 'present']
 ['15' '128.54222209001378' 'present']
 ['4' '131.90299636049335' 'present']
 ['11' '132.23327343420516' 'present']
 ['1' '133.4947683253391' 'present']
 ['1' '134.92270496758493' 'present']
 ['23' '143.42538759176819' 'present']
 ['6' '157.55130018746834' 'present']
 ['14' '158.7545422283596' 'present']
 ['8' '174.1207159429295' 'marauded']
 ['12' '190.8976650541964' 'present']
 ['11' '192.12291678252282' 'present']
 ['4' '194.92107140670066' 'present']
 ['15' '200.856687286104' 'present']
 ['12' '200.97339535944405' 'present']
 ['15' '202.52393771980974' 'present']
 ['23' '205.38584168155936' 'present']
 ['9' '206.55256613623038' 'present']
 ['14' '207.91803576626054' 'present']
 ['12' '214.1867962119363' 'present']
 ['4' '215.06235126998803' 'marauded']
 ['0' '226.01986922187677' 'present']
 ['12' '226.91662721237807' 'marauded']
 ['15' '231.43606594286433' 'destroyed']
 ['2' '231.47070052933043' 'destroyed']
 ['17' '235.89522433462966' 'present']
 ['18' '241.19317722968273' 'present']
 ['11' '247.53858644232585' 'present']
 ['21' '255.25619567237064' 'present']
 ['6' '263.8243687291068' 'marauded']
 ['21' '269.5149067243025' 'presentdestroyed']
 ['4' '273.4472542788954' 'marauded']
 ['2' '273.92351659411753' 'presentdestroyed']
 ['18' '278.78507801693837' 'destroyed']
 ['18' '285.5163530063238' 'present']
 ['21' '291.9177505655041' 'marauded']
 ['3' '294.08746076428935' 'presentdestroyed']
 ['4' '302.50751480154656' 'present']
 ['3' '309.75227467776796' 'present']
 ['9' '323.3467553697568' 'present']
 ['3' '327.37678120183773' 'present']
 ['14' '330.2549826309718' 'present']
 ['12' '336.1216183959352' 'present']
 ['3' '338.48980768534443' 'present']
 ['11' '350.4598359379821' 'present']
 ['8' '355.40553679797785' 'present']
 ['14' '359.9295593438654' 'present']]","[['F205' '49.28166991979403' 'mated']
 ['F102' '66.06237781800718' 'destroyed']
 ['F108' '124.36239858890589' 'mated']
 ['F30' '137.42867296606187' 'mated']
 ['F45' '138.46166973961917' 'absent']
 ['F180' '167.39969020284613' 'mated']
 ['F47' '172.9039590922409' 'mated']
 ['F134' '176.95297439166' 'destroyed']
 ['F172' '194.78353836842413' 'mated']
 ['F22' '198.67474522312284' 'mated']
 ['F42' '204.575511302605' 'mated']
 ['F70' '215.45725810275965' 'destroyed']
 ['F116' '220.26823725493585' 'absentdestroyed']
 ['F67' '221.0148080750527' 'destroyed']
 ['F4' '256.48105961680534' 'mated']
 ['F115' '272.8949715917191' 'mated']]",100.0,100.0,561.0,70.66052207739224,14.749032228725596,1428.0,238.18831935443833,50.10583148833556,285.0,48.57053458715617,10.351532407435311,18.0,1.8000000000000005,0.1800000000000001,92.0,0.8007625348920868,0.0081232853223594
6,0.054,8,359.95852800620446,"[['5' '11.474925070139031' 'present']
 ['2' '14.990017116245426' 'present']
 ['7' '15.696282073967568' 'present']
 ['2' '18.193452265431436' 'marauded']
 ['5' '19.27332478367176' 'presentdestroyed']
 ['12' '22.847101140153704' 'presentdestroyed']
 ['5' '23.503835170192946' 'presentdestroyed']
 ['5' '34.81815396783477' 'present']
 ['14' '42.44850960501656' 'present']
 ['23' '46.777788630508915' 'present']
 ['23' '53.929116375897465' 'present']
 ['7' '57.056968539568004' 'present']
 ['15' '58.94052598026161' 'present']
 ['18' '64.24267840568663' 'marauded']
 ['23' '71.7856466197427' 'present']
 ['8' '72.25529435994419' 'present']
 ['17' '74.69645521048956' 'present']
 ['4' '77.31632730912682' 'present']
 ['14' '77.93091908774194' 'present']
 ['12' '78.2859283938778' 'marauded']
 ['7' '86.6917835740649' 'present']
 ['21' '93.76048255130125' 'marauded']
 ['11' '99.12042091598332' 'presentdestroyed']
 ['8' '110.83698267762472' 'present']
 ['14' '111.23053152987' 'present']
 ['16' '113.28547344750663' 'marauded']
 ['15' '117.8170296151717' 'presentdestroyed']
 ['11' '119.34830542035749' 'presentdestroyed']
 ['1' '131.73659931903862' 'present']
 ['7' '141.62216022959694' 'present']
 ['5' '145.50022743687222' 'present']
 ['3' '149.56149713036302' 'present']
 ['5' '162.52510298669498' 'present']
 ['9' '163.19712527574723' 'marauded']
 ['9' '173.28965604151657' 'present']
 ['23' '180.01252771962498' 'present']
 ['11' '193.2164541156356' 'present']
 ['1' '196.35300363154647' 'present']
 ['14' '210.1870622821079' 'present']
 ['11' '210.92908650106656' 'marauded']
 ['21' '212.04143391826494' 'presentdestroyed']
 ['14' '213.14866495892088' 'presentdestroyed']
 ['7' '214.85640111593116' 'presentdestroyed']
 ['14' '222.85698402825506' 'marauded']
 ['1' '225.62804981282167' 'presentdestroyed']
 ['2' '237.29930754996843' 'marauded']
 ['18' '265.70692841332783' 'marauded']
 ['21' '269.5312597222244' 'presentdestroyed']
 ['1' '275.2767495687713' 'present']
 ['0' '277.5972696048787' 'marauded']
 ['8' '277.63885255770543' 'presentdestroyed']
 ['17' '280.7033105949795' 'destroyed']
 ['5' '290.2166897325232' 'present']
 ['2' '302.9552429108615' 'present']
 ['8' '307.20080401914214' 'present']
 ['1' '310.12982485506865' 'present']
 ['18' '311.5258949692698' 'present']
 ['11' '315.9709164394345' 'marauded']
 ['19' '316.6403198714039' 'presentdestroyed']
 ['5' '317.37910897038915' 'presentdestroyed']
 ['23' '320.2212120867321' 'presentdestroyed']
 ['23' '339.2364043446491' 'present']
 ['16' '345.9556851539827' 'present']
 ['15' '349.9091010788034' 'marauded']]","[['F60' '21.135547640652455' 'destroyed']
 ['F86' '25.782712913413103' 'destroyed']
 ['F141' '57.071375111938195' 'mated']
 ['F123' '93.02635508966112' 'mated']
 ['F191' '114.60100666916726' 'destroyed']
 ['F147' '164.7341158783485' 'destroyed']
 ['F53' '165.17888739038264' 'destroyed']
 ['F49' '169.10099752691366' 'absentdestroyed']
 ['F101' '177.73115863919745' 'mated']
 ['F18' '181.56369715420894' 'mated']
 ['F100' '193.33741997983557' 'mated']
 ['F59' '194.43885352954246' 'mated']
 ['F90' '222.34890571022143' 'mated']
 ['F128' '238.82222129203183' 'destroyed']
 ['F56' '247.44073890908598' 'mated']
 ['F84' '278.3416150770121' 'destroyed']]",100.0,200.0,551.0,71.96173611983262,15.603530911624963,1217.0,207.15830047372862,45.153064622795775,466.0,79.48022566312454,16.862135816652575,9.0,0.8999999999999999,0.09000000000000002,54.0,0.5157850738831693,0.005486968449931414
7,0.054,12,360.39444103936427,"[['1' '8.66082118106181' 'present']
 ['1' '11.393046149094001' 'present']
 ['5' '11.936732588504658' 'present']
 ['8' '28.407736997265552' 'present']
 ['0' '29.87572122134014' 'present']
 ['12' '30.332397300367084' 'present']
 ['17' '30.463921294781784' 'present']
 ['9' '31.375264400085033' 'present']
 ['2' '45.19765464303254' 'present']
 ['14' '48.66836214631189' 'marauded']
 ['0' '57.25604068788954' 'present']
 ['12' '62.20547087561647' 'present']
 ['16' '64.34762151774896' 'marauded']
 ['9' '67.95280684226897' 'destroyed']
 ['12' '70.89889774691326' 'presentdestroyed']
 ['8' '72.74453848297259' 'present']
 ['9' '73.5145471159675' 'present']
 ['14' '76.87967326504706' 'marauded']
 ['9' '88.12663838958375' 'present']
 ['6' '93.71375383662797' 'marauded']
 ['4' '96.80326150079942' 'presentdestroyed']
 ['11' '99.11483245866302' 'presentdestroyed']
 ['14' '104.18508367823696' 'present']
 ['5' '106.75031547884934' 'marauded']
 ['11' '112.75725255983443' 'presentdestroyed']
 ['18' '112.90656395477676' 'presentdestroyed']
 ['5' '123.44725773218397' 'present']
 ['9' '133.7370007663774' 'present']
 ['5' '136.0535840376832' 'present']
 ['21' '149.51178735920953' 'present']
 ['15' '151.81566191034355' 'present']
 ['2' '152.81428954229517' 'present']
 ['14' '157.72300315439327' 'present']
 ['19' '157.80629495956302' 'present']
 ['14' '161.13536173821518' 'present']
 ['23' '164.88667465538165' 'marauded']
 ['1' '170.1329705926133' 'destroyed']
 ['17' '170.40218151336612' 'presentdestroyed']
 ['3' '171.89714064769643' 'presentdestroyed']
 ['6' '181.10505060632173' 'marauded']
 ['6' '182.0906545657087' 'presentdestroyed']
 ['18' '183.82307970958848' 'presentdestroyed']
 ['4' '190.17519766742848' 'present']
 ['1' '208.7963626441764' 'present']
 ['11' '209.89237564827906' 'present']
 ['17' '236.35441496523154' 'present']
 ['8' '238.86254850339506' 'present']
 ['14' '276.1112176363109' 'present']
 ['2' '277.58225871673835' 'present']
 ['14' '282.1639436327066' 'present']
 ['5' '285.90128564463464' 'present']
 ['2' '288.05629018993494' 'present']
 ['4' '301.3498662160163' 'present']
 ['8' '310.6321349329426' 'present']
 ['8' '312.0870315717807' 'present']
 ['21' '317.91625574012687' 'present']
 ['6' '325.0379732253439' 'present']
 ['8' '326.3042036717679' 'present']
 ['9' '328.0148394070722' 'present']
 ['4' '333.2287538343555' 'marauded']
 ['5' '334.5044762823101' 'presentdestroyed']
 ['8' '339.29826419319926' 'presentdestroyed']
 ['9' '344.4741593484297' 'present']
 ['23' '344.8285231239459' 'marauded']
 ['8' '344.8570014363033' 'destroyed']
 ['16' '353.996218076557' 'present']]","[['F92' '7.336214182783168' 'mated']
 ['F14' '23.307472107228758' 'absent']
 ['F205' '49.2770402901644' 'destroyed']
 ['F110' '88.5020754243724' 'mated']
 ['F166' '126.98426936687224' 'mated']
 ['F98' '148.132112622995' 'mated']
 ['F179' '153.39913722958914' 'mated']
 ['F203' '165.40671581580864' 'destroyed']
 ['F119' '202.82933396619467' 'mated']
 ['F157' '209.34716021053208' 'mated']
 ['F207' '231.63062933492128' 'mated']
 ['F56' '247.43842409427117' 'absent']
 ['F162' '277.67459615614547' 'absent']
 ['F131' '278.3770583357079' 'mated']
 ['F133' '294.2729687223325' 'mated']
 ['F122' '306.39310009913044' 'mated']
 ['F112' '352.17802469981564' '']
 ['F26' '356.9628998451459' 'mated']]",100.0,300.0,573.0,69.2963465620015,14.213323641163083,1382.0,232.84879007663397,49.53623500840762,342.0,55.51222804401662,12.009275408181681,16.0,1.6000000000000003,0.1600000000000001,89.0,0.8382074389056632,0.009130658436213997
8,0.054,4,360.18995930497346,"[['21' '1.310090479420013' 'present']
 ['2' '3.6764719198059397' 'present']
 ['14' '8.298184803141051' 'marauded']
 ['21' '9.918009745494897' 'presentdestroyed']
 ['7' '12.272846432491805' 'presentdestroyed']
 ['18' '12.976568346059148' 'presentdestroyed']
 ['18' '20.327131034812254' 'marauded']
 ['21' '23.945123696185615' 'destroyed']
 ['17' '32.57292559187109' 'present']
 ['15' '39.15222225416294' 'present']
 ['17' '42.05603562943487' 'present']
 ['21' '43.166696603864' 'present']
 ['12' '45.191763809217406' 'present']
 ['6' '46.68032464992224' 'present']
 ['19' '54.0130757519575' 'present']
 ['2' '58.460150657225334' 'present']
 ['14' '58.6907865449943' 'present']
 ['11' '60.86754585221699' 'present']
 ['16' '65.56315270956827' 'present']
 ['21' '70.47390745109051' 'present']
 ['4' '72.29800886742429' 'present']
 ['5' '83.6046981289705' 'present']
 ['12' '101.9651356697594' 'present']
 ['19' '105.67640143083425' 'present']
 ['3' '108.67705469413636' 'present']
 ['19' '122.22035425922306' 'marauded']
 ['5' '123.4551610043191' 'presentdestroyed']
 ['21' '125.49808412407423' 'presentdestroyed']
 ['15' '129.58712386767075' 'present']
 ['4' '133.57921201928795' 'marauded']
 ['0' '137.403390503779' 'presentdestroyed']
 ['18' '138.07028812321516' 'presentdestroyed']
 ['15' '141.0743373564756' 'present']
 ['11' '145.13244559548207' 'present']
 ['17' '147.00243664781692' 'present']
 ['17' '152.59965142629545' 'present']
 ['5' '155.67280919526843' 'present']
 ['14' '159.6664710396868' 'present']
 ['7' '162.8423235776911' 'present']
 ['9' '163.8433648141297' 'marauded']
 ['7' '174.69429104879458' 'present']
 ['7' '174.70083833380556' 'present']
 ['3' '180.71824001219306' 'marauded']
 ['7' '191.12305936926046' 'present']
 ['3' '196.08906649397102' 'present']
 ['2' '216.6712293762392' 'present']
 ['19' '226.171041390737' 'present']
 ['23' '229.95588006541777' 'present']
 ['12' '249.18017785538825' 'present']
 ['1' '262.3894795521474' 'marauded']
 ['15' '266.87961176652647' 'destroyed']
 ['11' '279.22545967779604' 'present']
 ['0' '280.10999778153234' 'present']
 ['15' '286.8244240717403' 'present']
 ['12' '290.46993303478234' 'present']
 ['19' '294.4817393245627' 'present']
 ['16' '294.72430388084587' 'marauded']
 ['16' '295.21539936004746' 'presentdestroyed']
 ['12' '315.56275112684614' 'present']
 ['12' '319.05622438222764' 'present']
 ['15' '321.718815354104' 'present']
 ['11' '328.46811148700795' 'present']
 ['19' '331.6404136618716' 'present']
 ['4' '346.9782375297929' 'marauded']
 ['5' '347.8434153045777' 'presentdestroyed']]","[['F38' '61.65439495717512' 'mated']
 ['F132' '115.62901878009892' 'absent']
 ['F188' '163.02879366211783' 'mated']
 ['F203' '165.41134544543826' 'destroyed']
 ['F32' '184.94133345413948' 'destroyed']
 ['F199' '224.46520351110777' 'mated']
 ['F183' '227.05324090483552' 'absent']
 ['F39' '261.1719660535502' 'absent']
 ['F212' '280.4530560048829' 'mated']]",200.0,0.0,554.0,70.48345290432918,14.951277179106732,1353.0,232.40102964061816,49.953813511714756,330.0,55.22783855081776,11.29943107957916,11.0,1.0999999999999999,0.11000000000000004,87.0,0.8060723481116204,0.008487654320987659
9,0.054,9,359.9486741442259,"[['16' '0.23664855523490647' 'present']
 ['4' '0.4400357915097112' 'present']
 ['19' '0.9409100206227299' 'present']
 ['1' '1.1172349120752714' 'present']
 ['11' '2.0136697501486784' 'marauded']
 ['5' '5.3273777576083745' 'presentdestroyed']
 ['16' '6.145084523795973' 'presentdestroyed']
 ['21' '7.460727359840942' 'destroyed']
 ['6' '12.11058224242392' 'present']
 ['2' '17.054034678833098' 'present']
 ['1' '18.9153294240633' 'present']
 ['18' '19.430606246670603' 'present']
 ['18' '24.08038331000641' 'present']
 ['2' '28.593193053586784' 'present']
 ['6' '34.20318099127227' 'present']
 ['11' '45.101656931083376' 'marauded']
 ['8' '45.20003081319304' 'presentdestroyed']
 ['18' '46.08236769692063' 'presentdestroyed']
 ['11' '49.59850077787131' 'presentdestroyed']
 ['17' '56.10967230904195' 'marauded']
 ['8' '58.25067414504391' 'destroyed']
 ['2' '58.888076624918696' 'destroyed']
 ['5' '59.49152746223335' 'presentdestroyed']
 ['23' '63.21803021677937' 'presentdestroyed']
 ['0' '64.01435600326771' 'present']
 ['18' '84.82145726716993' 'present']
 ['11' '99.5700756275662' 'present']
 ['3' '103.5528773151479' 'present']
 ['16' '103.86427287100865' 'present']
 ['17' '108.15765409622679' 'present']
 ['2' '117.15915045235734' 'present']
 ['2' '130.68029166568942' 'present']
 ['14' '131.40490940634658' 'present']
 ['0' '138.7786970683478' 'marauded']
 ['2' '146.73774060512065' 'present']
 ['17' '147.91316361097833' 'present']
 ['3' '151.93723395782922' 'marauded']
 ['19' '162.03737924632046' 'present']
 ['21' '181.8422811353437' 'present']
 ['11' '183.70060292384323' 'present']
 ['16' '190.98096145649677' 'marauded']
 ['6' '192.67341719411394' 'presentdestroyed']
 ['14' '196.64686876658698' 'presentdestroyed']
 ['14' '197.13388116284892' 'presentdestroyed']
 ['14' '203.1969948095293' 'present']
 ['14' '203.20354209454027' 'present']
 ['17' '214.73216677893723' 'present']
 ['17' '216.56277793072158' 'marauded']
 ['8' '228.0933394293697' 'present']
 ['14' '232.15754869308364' 'marauded']
 ['7' '236.98597235758433' 'presentdestroyed']
 ['8' '239.4239728421304' 'destroyed']
 ['11' '243.30434878463902' 'marauded']
 ['16' '244.28983210626762' 'presentdestroyed']
 ['4' '249.1213226508337' 'presentdestroyed']
 ['14' '250.40441566061833' 'presentdestroyed']
 ['7' '250.85342895882545' 'present']
 ['17' '259.2692109808889' 'present']
 ['18' '264.16634861620724' 'marauded']
 ['15' '270.1006361128286' 'presentdestroyed']
 ['19' '276.4528750918336' 'present']
 ['15' '283.6499951331435' 'marauded']
 ['17' '292.2880621382902' 'present']
 ['21' '298.251591527224' 'marauded']
 ['4' '301.4046795876463' 'presentdestroyed']
 ['18' '307.7668399735409' 'present']
 ['16' '309.6330864723909' 'present']
 ['14' '309.81219985020425' 'marauded']
 ['18' '323.2069367835238' 'present']
 ['2' '333.76066774941893' 'present']
 ['23' '340.20075220415316' 'present']
 ['0' '340.3335051157395' 'present']
 ['4' '345.1218733261097' 'present']
 ['11' '346.08907989154187' 'present']
 ['5' '347.60803568984795' 'marauded']
 ['5' '355.50542345638087' 'marauded']]","[['F167' '33.140930803466816' 'absent']
 ['F117' '35.97783667453039' 'mated']
 ['F208' '56.14945725183731' 'destroyed']
 ['F65' '57.38370756086519' 'destroyed']
 ['F38' '61.652080142360305' 'destroyed']
 ['F102' '66.06469263282199' 'mated']
 ['F51' '114.94863704360844' 'absent']
 ['F44' '116.9512207795727' 'mated']
 ['F75' '119.81896025785333' 'absent']
 ['F156' '136.65971362305373' 'mated']
 ['F45' '138.47416591007672' 'mated']
 ['F144' '138.76307898834935' 'absent']
 ['F120' '147.7359684765488' 'mated']
 ['F93' '157.78552394864846' 'absentdestroyed']
 ['F93' '157.79941283753737' 'absentdestroyed']
 ['F203' '165.41366026025307' 'absent']
 ['F59' '194.4208724440433' 'absentdestroyed']
 ['F128' '238.82549493453732' 'destroyed']
 ['F56' '247.43324801098993' 'destroyed']
 ['F159' '260.93188278241564' 'mated']
 ['F33' '266.8807073459305' 'destroyed']
 ['F58' '295.27640738957444' 'mated']
 ['F145' '335.07433448251237' 'mated']]",200.0,100.0,582.0,68.82318301676956,13.734897650393522,1195.0,200.14536131640904,42.76819816280338,522.0,89.45970671634207,19.49996347847822,11.0,1.0999999999999999,0.11000000000000004,64.0,0.5888577445328791,0.006108539094650209
10,0.0,7,359.94918847878984,"[['2' '2.4678217593355103' 'present']
 ['7' '3.484698994895587' 'present']
 ['7' '10.49805678011789' 'present']
 ['11' '15.18961280750339' 'present']
 ['5' '17.48211307381539' 'present']
 ['14' '17.864735700747236' 'present']
 ['9' '36.409305311168005' 'present']
 ['2' '42.39850393767959' 'present']
 ['11' '44.58934150639186' 'marauded']
 ['5' '44.9979685374799' 'presentdestroyed']
 ['17' '49.02992773661933' 'presentdestroyed']
 ['0' '70.35329535028072' 'marauded']
 ['5' '83.44043872446835' 'present']
 ['5' '88.49880456476826' 'present']
 ['9' '91.33965575492446' 'present']
 ['5' '94.4192118079814' 'marauded']
 ['5' '94.52575909299237' 'presentdestroyed']
 ['18' '99.34273025408464' 'presentdestroyed']
 ['19' '105.81109223441915' 'present']
 ['4' '106.20312236987823' 'present']
 ['15' '111.9597419648379' 'present']
 ['8' '118.25522571381481' 'present']
 ['15' '123.91084699825' 'present']
 ['0' '124.11751961180947' 'marauded']
 ['0' '133.4842407543647' 'present']
 ['7' '142.09307045581443' 'present']
 ['16' '142.7959212507934' 'present']
 ['15' '146.51749558037892' 'present']
 ['14' '149.59836055835967' 'present']
 ['7' '162.83577629268012' 'present']
 ['19' '163.38619398350897' 'present']
 ['19' '164.27964967081357' 'present']
 ['0' '181.95692027867238' 'present']
 ['17' '183.24302638574684' 'present']
 ['1' '185.70356135539652' 'present']
 ['9' '187.65150899850963' 'marauded']
 ['2' '195.17874011050165' 'destroyed']
 ['19' '218.070786719996' 'present']
 ['5' '225.21329599982965' 'marauded']
 ['16' '229.42124761887982' 'presentdestroyed']
 ['7' '230.9244473516394' 'presentdestroyed']
 ['7' '244.51785140526226' 'marauded']
 ['8' '252.39185248904147' 'present']
 ['14' '268.1918543244326' 'present']
 ['18' '306.37536029475706' 'marauded']
 ['15' '313.02916010232667' 'presentdestroyed']
 ['19' '314.8744027494174' 'present']
 ['15' '323.2728721784291' 'marauded']
 ['15' '345.69059259390485' 'marauded']]","[['F60' '21.13323282583764' 'absent']
 ['F155' '50.60837715562608' 'destroyed']
 ['F40' '58.247177569795475' 'mated']
 ['F103' '119.33839562459347' 'mated']
 ['F2' '162.8809480226447' 'mated']
 ['F111' '171.91817941548533' 'mated']
 ['F194' '186.00613470105912' 'mated']
 ['F59' '194.43653871472765' 'destroyed']
 ['F77' '218.22008318395297' 'mated']
 ['F215' '242.56016620022078' 'mated']]",200.0,200.0,570.0,68.09566397599252,13.41678288086693,1369.0,231.15813791019457,49.63917890390442,380.0,60.74636282069415,12.215246222728013,0.0,0.0,0.0,0.0,0.0,0.0
11,0.054,14,359.9087060895072,"[['9' '0.8342980561573227' 'present']
 ['16' '6.81721952905846' 'marauded']
 ['15' '13.067836647706091' 'presentdestroyed']
 ['9' '18.583229681818178' 'present']
 ['14' '18.58544221464655' 'present']
 ['0' '18.966871498282813' 'present']
 ['21' '23.829457425501282' 'marauded']
 ['3' '33.029103653010715' 'present']
 ['5' '34.82564486593083' 'present']
 ['9' '39.20107333291254' 'present']
 ['15' '39.62793351571186' 'present']
 ['15' '48.790614954904974' 'present']
 ['19' '53.39980273633254' 'present']
 ['23' '53.58144049556902' 'present']
 ['9' '55.770521949459116' 'present']
 ['5' '60.162395375215496' 'present']
 ['21' '68.17247658736606' 'present']
 ['15' '70.40267801803522' 'present']
 ['4' '70.98809367161383' 'marauded']
 ['16' '84.16195025218' 'present']
 ['15' '84.55737272470456' 'present']
 ['8' '85.84420100512018' 'present']
 ['15' '88.07814520346189' 'present']
 ['12' '91.13753658068147' 'present']
 ['15' '97.88906027807988' 'present']
 ['3' '98.3918366504181' 'present']
 ['5' '122.7495393392003' 'marauded']
 ['6' '132.81434562369427' 'present']
 ['9' '134.80196023556547' 'present']
 ['5' '136.84358582887282' 'marauded']
 ['21' '140.1980855059738' 'presentdestroyed']
 ['7' '149.3852722034888' 'present']
 ['8' '157.95772988863413' 'present']
 ['9' '161.86095100998574' 'marauded']
 ['16' '165.24178207019048' 'presentdestroyed']
 ['1' '171.97743830054318' 'present']
 ['1' '174.0947821427524' 'present']
 ['19' '175.98669261542534' 'present']
 ['6' '176.1474960760097' 'marauded']
 ['2' '184.26409355887102' 'present']
 ['21' '190.19648071056193' 'present']
 ['17' '202.14539656791388' 'present']
 ['12' '207.46497260292423' 'present']
 ['4' '219.7087564108194' 'marauded']
 ['12' '219.87256460691665' 'presentdestroyed']
 ['17' '224.24729284269287' 'presentdestroyed']
 ['7' '228.5129931481676' 'present']
 ['17' '230.10484177248108' 'present']
 ['7' '240.68627934928662' 'present']
 ['1' '240.95759076138614' 'present']
 ['12' '251.1405506190323' 'present']
 ['14' '266.7463787345302' 'marauded']
 ['0' '277.1017609951049' 'present']
 ['18' '291.1889065563664' 'present']
 ['7' '293.34429726694236' 'marauded']
 ['3' '297.7618109837541' 'presentdestroyed']
 ['17' '307.2977969384703' 'marauded']
 ['18' '307.75648780697844' 'presentdestroyed']
 ['0' '319.3031932695527' 'present']
 ['8' '320.51636635830084' 'marauded']
 ['4' '349.76885101429576' 'present']
 ['7' '355.4181950790159' 'marauded']
 ['4' '357.24632915820655' 'destroyed']]","[['F96' '17.782182469248095' 'mated']
 ['F78' '46.717106002853065' 'mated']
 ['F1' '97.43033687858016' 'mated']
 ['F190' '107.24556259911276' 'mated']
 ['F127' '155.18012278026308' 'mated']
 ['F186' '156.56196736478827' 'mated']
 ['F154' '159.98822938127614' 'mated']
 ['F203' '165.40903063062345' 'destroyed']
 ['F187' '176.11799555091696' 'mated']
 ['F87' '192.1139979571785' 'mated']
 ['F139' '193.92424658635278' 'mated']
 ['F124' '203.90276305133435' 'absent']
 ['F68' '204.58487819794544' 'mated']
 ['F67' '221.01998415833395' 'destroyed']
 ['F88' '245.47051145130334' 'mated']
 ['F129' '262.6350595413012' 'absent']
 ['F162' '277.6769109709603' 'mated']
 ['F177' '278.9897403927061' 'mated']]",200.0,300.0,569.0,73.32411918764485,15.081342121122612,1246.0,207.3871286691036,43.82831417333265,450.0,76.75855721583129,16.419735215164803,17.0,1.7000000000000004,0.1700000000000001,90.0,0.8326954448247813,0.00861625514403293
12,0.054,10,360.85803313098035,"[['3' '2.5620720078982093' 'present']
 ['11' '3.4263206649100737' 'present']
 ['18' '4.053045529723204' 'present']
 ['15' '11.213332043977008' 'present']
 ['14' '18.577538942511428' 'present']
 ['4' '21.000315489187532' 'present']
 ['0' '25.25794188095249' 'present']
 ['11' '35.537648032988926' 'present']
 ['6' '42.73689552233516' 'present']
 ['11' '50.147151569732095' 'marauded']
 ['18' '56.788001730308885' 'presentdestroyed']
 ['14' '59.55717925723043' 'present']
 ['9' '67.42807495479147' 'present']
 ['17' '67.9128525377231' 'present']
 ['18' '72.4318787715134' 'present']
 ['2' '72.43265191752047' 'present']
 ['16' '73.88001930304603' 'present']
 ['0' '80.26904578237317' 'present']
 ['19' '84.79434916668531' 'present']
 ['4' '92.36885148993376' 'present']
 ['3' '101.3436939310869' 'present']
 ['14' '106.25932121689486' 'present']
 ['15' '113.3513164258399' 'present']
 ['2' '114.97828856063502' 'marauded']
 ['15' '115.13057385992548' 'destroyed']
 ['6' '121.72025576821034' 'presentdestroyed']
 ['19' '133.80661809221357' 'present']
 ['16' '135.0382506625352' 'present']
 ['19' '136.8994156446262' 'present']
 ['8' '141.28464510573218' 'present']
 ['16' '146.73886872488043' 'present']
 ['7' '153.28987316540355' 'present']
 ['18' '156.72452187867603' 'marauded']
 ['14' '159.47389814846085' 'presentdestroyed']
 ['9' '163.3036725607582' 'presentdestroyed']
 ['7' '173.16230127666998' 'present']
 ['19' '174.1310596195472' 'present']
 ['11' '210.92253921605558' 'present']
 ['0' '220.28135392855535' 'present']
 ['16' '220.86917642704958' 'present']
 ['2' '223.22197423471542' 'present']
 ['0' '227.67064242125699' 'marauded']
 ['23' '228.4938359375091' 'destroyed']
 ['9' '231.5923071672521' 'presentdestroyed']
 ['23' '233.64629061301298' 'presentdestroyed']
 ['11' '236.06426587345516' 'marauded']
 ['4' '248.97444761645744' 'present']
 ['11' '256.4907276601773' 'present']
 ['0' '258.7041895414656' 'present']
 ['0' '261.22113549049897' 'present']
 ['14' '268.0182501057272' 'present']
 ['15' '287.1792946550348' 'present']
 ['8' '287.67027752198317' 'present']
 ['7' '291.14312610755474' 'marauded']
 ['7' '311.8269962940525' 'present']
 ['23' '328.43447655164687' 'marauded']
 ['11' '340.75257492739325' 'present']
 ['9' '343.3030603118566' 'present']
 ['16' '350.955675098563' 'present']
 ['5' '352.7958953669171' 'marauded']
 ['7' '358.38402734119126' 'presentdestroyed']]","[['F65' '57.3804339183597' '']
 ['F28' '103.14069715335499' 'mated']
 ['F184' '112.58755429021849' 'mated']
 ['F44' '116.94331750743757' 'destroyed']
 ['F196' '134.06299045991022' 'mated']
 ['F82' '148.6316442183627' 'mated']
 ['F2' '162.87114230973384' 'destroyed']
 ['F106' '165.98992148391687' 'mated']
 ['F189' '169.27734684026612' 'mated']
 ['F61' '177.89728245449527' 'mated']
 ['F89' '178.42250080560683' 'mated']
 ['F8' '187.7877264171386' 'mated']
 ['F70' '215.4624341860409' 'absent']
 ['F73' '241.79805344576354' 'destroyed']
 ['F85' '321.13203308902484' 'absent']
 ['F130' '324.15080934573155' 'mated']]",300.0,0.0,568.0,71.87094387998046,14.786632911650852,1423.0,236.62952917264428,49.84112700001769,278.0,49.32086384369894,11.148660088550287,18.0,1.8000000000000005,0.1800000000000001,77.0,0.7630436020055725,0.008701989026063102
13,0.0,10,360.3072641316711,"[['12' '0.7920979129525778' 'present']
 ['23' '3.1266308518448747' 'present']
 ['8' '6.907495506118079' 'marauded']
 ['0' '17.722386588358322' 'present']
 ['1' '24.22682818469241' 'present']
 ['19' '33.61319600225075' 'present']
 ['17' '40.78982221300752' 'present']
 ['8' '42.82517789713366' 'present']
 ['2' '45.99993651139015' 'present']
 ['5' '48.07653727441058' 'marauded']
 ['18' '52.340594711332216' 'presentdestroyed']
 ['5' '74.2636749147859' 'marauded']
 ['17' '77.44910402718394' 'destroyed']
 ['14' '79.07126033300472' 'presentdestroyed']
 ['12' '99.12728975434592' 'marauded']
 ['12' '100.84033413332577' 'presentdestroyed']
 ['19' '109.42211308389263' 'marauded']
 ['11' '116.8422370358824' 'presentdestroyed']
 ['2' '119.62883287477162' 'present']
 ['16' '123.8016147873439' 'present']
 ['4' '125.42846352981788' 'present']
 ['2' '131.65552329399333' 'present']
 ['18' '132.6832432510273' 'present']
 ['11' '133.43610909981288' 'present']
 ['12' '136.41771722924076' 'present']
 ['5' '136.6128562074126' 'present']
 ['16' '136.96031161445353' 'marauded']
 ['6' '140.31621611607372' 'presentdestroyed']
 ['2' '152.80369581261337' 'present']
 ['11' '155.27035821555685' 'marauded']
 ['19' '161.1344723521089' 'presentdestroyed']
 ['8' '161.86177795670724' 'presentdestroyed']
 ['11' '173.8857517373432' 'present']
 ['9' '173.92082448964314' 'present']
 ['0' '177.42878908908477' 'present']
 ['6' '189.9184047233071' 'present']
 ['8' '190.5687540724018' 'present']
 ['6' '194.3802800749175' 'present']
 ['9' '202.8395410276378' 'present']
 ['21' '212.69983424025693' 'present']
 ['4' '215.05486037189198' 'present']
 ['1' '218.78639485820625' 'present']
 ['1' '241.11989968049554' 'present']
 ['11' '247.73927060925234' 'marauded']
 ['3' '248.0226184490542' 'destroyed']
 ['6' '248.6456059457278' 'destroyed']
 ['3' '260.37478827754103' 'marauded']
 ['21' '260.70629325894225' 'presentdestroyed']
 ['12' '272.11337650548825' 'marauded']
 ['17' '275.4116143850054' 'presentdestroyed']
 ['16' '284.6275527047921' 'present']
 ['21' '301.39549873372033' 'marauded']
 ['5' '302.25856845474397' 'destroyed']
 ['1' '303.47017237092564' 'presentdestroyed']
 ['12' '315.45812149721644' 'marauded']
 ['8' '327.77323242157297' 'present']
 ['11' '332.3453575903842' 'present']
 ['9' '335.7330557128119' 'present']
 ['21' '341.3418608746128' 'present']
 ['17' '348.4040072183543' 'present']
 ['4' '348.9395338803101' 'present']
 ['18' '356.5541521236605' 'present']]","[['F92' '7.3296668977721815' 'destroyed']
 ['F109' '67.0235272441982' 'mated']
 ['F51' '114.94632222879363' 'destroyed']
 ['F107' '142.16690523158195' 'destroyed']
 ['F11' '149.07467048409285' 'mated']
 ['F66' '150.12702116707115' 'mated']
 ['F186' '156.55679128150703' 'destroyed']
 ['F93' '157.8111362058296' 'destroyed']
 ['F158' '166.90109627257792' 'mated']
 ['F171' '168.72799421650214' 'absent']
 ['F46' '171.2523019050768' 'mated']
 ['F36' '175.47079668097766' 'mated']
 ['F124' '203.9079391346156' 'mated']
 ['F95' '204.50204920267413' 'mated']
 ['F113' '207.51496527179148' 'mated']
 ['F137' '231.0985706450527' 'mated']
 ['F88' '245.4653353680221' 'absent']
 ['F129' '262.62988345801995' 'absentdestroyed']
 ['F84' '278.3467911602933' 'destroyed']]",300.0,100.0,564.0,69.53940924973503,14.323890997231972,1292.0,217.08225036508207,46.45358471860284,431.0,73.41512905009517,16.09029672854106,0.0,0.0,0.0,0.0,0.0,0.0
14,0.054,9,360.09239913354594,"[['0' '0.6198532332114854' 'marauded']
 ['21' '2.037781795157331' 'destroyed']
 ['7' '5.163941472122871' 'presentdestroyed']
 ['2' '6.399493577990841' 'presentdestroyed']
 ['23' '13.737015153964387' 'present']
 ['9' '19.095972602544226' 'marauded']
 ['0' '25.27323250890495' 'presentdestroyed']
 ['16' '27.421991856668456' 'marauded']
 ['3' '28.140991192704774' 'destroyed']
 ['15' '33.4808497702559' 'destroyed']
 ['23' '39.43672411871844' 'present']
 ['2' '40.2685890721639' 'present']
 ['18' '42.554462523340895' 'present']
 ['1' '66.79536202272278' 'marauded']
 ['3' '76.36144580936903' 'present']
 ['8' '80.61164244971647' 'marauded']
 ['12' '85.19829310125229' 'destroyed']
 ['12' '89.97671378432395' 'present']
 ['16' '96.63240187051056' 'marauded']
 ['18' '97.51180779745415' 'presentdestroyed']
 ['15' '99.25280980359726' 'presentdestroyed']
 ['3' '100.25103955333194' 'presentdestroyed']
 ['6' '111.72047751719467' 'marauded']
 ['18' '112.68878408372245' 'presentdestroyed']
 ['4' '119.55333463961004' 'present']
 ['9' '132.37839499825785' 'marauded']
 ['4' '141.72989979960724' 'marauded']
 ['8' '146.82025632140696' 'destroyed']
 ['19' '159.705871831921' 'present']
 ['16' '171.24287870198617' 'present']
 ['2' '171.82195051356516' 'marauded']
 ['3' '184.35703384742177' 'present']
 ['2' '186.94406068761353' 'present']
 ['17' '187.88196910867393' 'marauded']
 ['4' '191.2201753102308' 'presentdestroyed']
 ['11' '191.44888510239053' 'destroyed']
 ['11' '191.7956814384713' 'presentdestroyed']
 ['17' '198.77432348541205' 'present']
 ['6' '199.35479227910022' 'present']
 ['4' '199.41483358385582' 'present']
 ['1' '201.60355609653155' 'present']
 ['12' '210.3717074204626' 'present']
 ['3' '211.59198347695917' 'present']
 ['8' '221.30334231871385' 'present']
 ['12' '223.80286836242985' 'marauded']
 ['2' '230.584359010688' 'presentdestroyed']
 ['8' '232.690897026519' 'marauded']
 ['15' '233.57738066328167' 'presentdestroyed']
 ['7' '236.21672920894417' 'presentdestroyed']
 ['0' '241.52195296299422' 'present']
 ['16' '251.41753278377118' 'marauded']
 ['11' '252.89775741501515' 'presentdestroyed']
 ['18' '259.88729391978245' 'present']
 ['6' '261.0514169562412' 'present']
 ['21' '284.05225389974527' 'marauded']
 ['15' '286.87758849829396' 'presentdestroyed']
 ['15' '287.97538093927704' 'presentdestroyed']
 ['3' '296.6523754456749' 'marauded']
 ['19' '297.57678889109843' 'destroyed']
 ['1' '300.8956120591268' 'presentdestroyed']
 ['17' '305.8215126587873' 'present']
 ['4' '306.5918699474744' 'present']
 ['18' '307.2119554386898' 'present']
 ['19' '317.8279511817503' 'present']
 ['18' '320.41566629798706' 'present']
 ['19' '320.52585573954553' 'present']
 ['7' '323.9291714099928' 'present']
 ['19' '324.5444669597381' 'present']
 ['12' '346.2339374364285' 'marauded']
 ['19' '356.9077859449993' 'present']]","[['F57' '34.46581596226029' '']
 ['F155' '50.6106919704409' 'absent']
 ['F65' '57.37580428873007' 'absent']
 ['F149' '64.06815797819068' 'mated']
 ['F164' '94.23454757457161' 'mated']
 ['F51' '114.94400741397882' 'destroyed']
 ['F44' '116.9479471370672' 'absentdestroyed']
 ['F108' '124.35722250562463' 'absent']
 ['F12' '125.12795630631928' 'mated']
 ['F181' '126.66072463713945' 'mated']
 ['F156' '136.65643998054824' 'absentdestroyed']
 ['F30' '137.42349688278063' 'destroyed']
 ['F140' '180.34809582663434' 'mated']
 ['F80' '189.76490588143682' 'destroyed']
 ['F59' '194.41759880153782' 'destroyed']
 ['F25' '195.18668232974923' '']
 ['F70' '215.4670638156705' 'mated']
 ['F0' '250.72557190205723' 'mated']
 ['F163' '264.392363054968' 'mated']
 ['F213' '317.98913062834134' 'mated']]",300.0,200.0,561.0,73.02510483811766,15.976124618464532,1069.0,181.43812217790904,39.274881147132824,625.0,103.7442077491933,21.573831553569846,12.0,1.2,0.12000000000000005,82.0,0.7722744921607623,0.008123285322359402
15,0.054,8,360.3238229701259,"[['11' '1.906725305704234' 'marauded']
 ['12' '8.017196107499215' 'presentdestroyed']
 ['5' '17.144297061574157' 'present']
 ['5' '29.734539549068863' 'present']
 ['3' '34.91287562688636' 'present']
 ['8' '36.19091698933651' 'present']
 ['8' '39.170541112637444' 'present']
 ['4' '40.41071806114572' 'marauded']
 ['8' '51.88082339141239' 'present']
 ['6' '61.69919562028016' 'present']
 ['8' '66.30970729673031' 'present']
 ['8' '73.57926833588364' 'present']
 ['19' '73.84485483854407' 'marauded']
 ['5' '79.6185917016184' 'presentdestroyed']
 ['1' '83.1312906878407' 'present']
 ['8' '83.46082275292366' 'present']
 ['21' '89.84900539575152' 'present']
 ['6' '124.56170842285734' 'present']
 ['6' '138.92137354186843' 'present']
 ['7' '144.81335033654483' 'present']
 ['2' '146.7252444346631' 'present']
 ['21' '150.17490266992166' 'present']
 ['11' '151.6763960072102' 'present']
 ['19' '153.21797474833792' 'marauded']
 ['23' '159.56281200314643' 'presentdestroyed']
 ['12' '164.32874401977497' 'present']
 ['16' '166.4464557663968' 'present']
 ['19' '186.2207214523913' 'present']
 ['2' '191.42686856829673' 'marauded']
 ['23' '202.7728184701731' 'present']
 ['1' '219.1027375454036' 'marauded']
 ['14' '220.6460609336092' 'presentdestroyed']
 ['21' '221.48242977505973' 'presentdestroyed']
 ['4' '228.96264593951733' 'present']
 ['7' '230.6762079361821' 'present']
 ['4' '231.7781704931042' 'present']
 ['4' '231.78852265966668' 'present']
 ['2' '233.0587069190052' 'present']
 ['16' '233.95178626789973' 'marauded']
 ['8' '238.64894272552914' 'presentdestroyed']
 ['4' '250.0327134512096' 'present']
 ['14' '250.45538966596357' 'marauded']
 ['21' '252.09865947663067' 'presentdestroyed']
 ['9' '256.7187179469634' 'presentdestroyed']
 ['12' '265.06026652799494' 'present']
 ['21' '268.9674175012609' 'present']
 ['12' '275.32686606122894' 'present']
 ['11' '276.3823870701609' 'present']
 ['4' '276.4252626846524' 'present']
 ['3' '280.610363596197' 'present']
 ['18' '289.14773341661385' 'present']
 ['16' '291.2624132181459' 'present']
 ['12' '300.34354943913775' 'present']
 ['23' '302.2123550050012' 'present']
 ['8' '302.9042143736217' 'present']
 ['18' '313.6943861398621' 'present']
 ['18' '322.78760270561935' 'present']
 ['5' '327.94656176992453' 'present']
 ['16' '329.35653532656727' 'marauded']
 ['8' '330.61731726842834' 'presentdestroyed']
 ['14' '330.6483251006914' 'presentdestroyed']
 ['3' '342.28772110584737' 'present']
 ['4' '344.004496478993' 'present']
 ['18' '345.9720667437319' 'present']]","[['F97' '60.93004252320806' 'mated']
 ['F52' '113.32389925903458' 'mated']
 ['F51' '114.96113321406601' 'mated']
 ['F132' '115.63229242260441' 'mated']
 ['F37' '149.31535254002836' 'mated']
 ['F138' '179.85309377678894' 'mated']
 ['F116' '220.27478453994684' 'destroyed']
 ['F90' '222.3437296269402' 'destroyed']
 ['F64' '245.00693882623125' 'mated']
 ['F122' '294.377876739819' 'absent']
 ['F85' '321.1418388019357' 'mated']]",300.0,300.0,565.0,68.64905891536871,13.986559420313542,1431.0,234.4677274362134,48.859411171067855,324.0,55.23039722614796,11.952547107174546,9.0,0.8999999999999999,0.09000000000000002,80.0,0.7570682854832901,0.00844478737997257
16,0.054,15,360.237343546636,"[['8' '29.288435993520448' 'present']
 ['5' '37.35125845985369' 'present']
 ['4' '45.927679564134074' 'marauded']
 ['23' '50.033273351380004' 'destroyed']
 ['19' '54.02056665005357' 'present']
 ['23' '54.59366048995919' 'marauded']
 ['18' '55.21950146037091' 'presentdestroyed']
 ['2' '59.97997498212108' 'presentdestroyed']
 ['9' '78.31123360342997' 'present']
 ['17' '81.85606046426355' 'present']
 ['1' '82.07788095847579' 'present']
 ['5' '87.89311990999771' 'present']
 ['14' '104.58889937209834' 'present']
 ['11' '105.98507006085951' 'present']
 ['7' '106.29163165848962' 'present']
 ['0' '144.94031672288205' 'present']
 ['9' '147.41601599100102' 'present']
 ['0' '154.43770189724785' 'present']
 ['17' '158.24013260776158' 'present']
 ['1' '174.10650551104462' 'marauded']
 ['8' '176.76727921702278' 'presentdestroyed']
 ['21' '192.8532676429429' 'marauded']
 ['2' '195.0286330736886' 'presentdestroyed']
 ['7' '195.6431794875749' 'presentdestroyed']
 ['14' '202.90311260113583' 'present']
 ['0' '204.00245653305345' 'marauded']
 ['17' '204.28563809211298' 'destroyed']
 ['23' '215.0748973865747' 'present']
 ['8' '220.64823747500728' 'present']
 ['18' '222.75448350937435' 'present']
 ['18' '229.35744765120947' 'present']
 ['23' '252.21866059581617' 'present']
 ['5' '254.45899098994354' 'marauded']
 ['2' '258.1704876390413' 'presentdestroyed']
 ['2' '259.01552505233576' 'presentdestroyed']
 ['0' '262.8646035227874' 'present']
 ['7' '264.9943835440649' 'marauded']
 ['14' '268.70391867406363' 'presentdestroyed']
 ['19' '276.17055105390955' 'present']
 ['0' '280.1234356063379' 'present']
 ['19' '284.09182411390304' 'present']
 ['23' '288.6169266152475' 'present']
 ['3' '300.5022480058036' 'present']
 ['4' '302.3966340753277' 'present']
 ['7' '306.45138540195023' 'present']
 ['17' '310.07625294230803' 'marauded']
 ['3' '310.8762948723708' 'destroyed']
 ['7' '314.75278071538673' 'presentdestroyed']
 ['7' '317.4648577944463' 'presentdestroyed']
 ['12' '325.95965571521066' 'present']
 ['5' '331.55914534942013' 'marauded']
 ['6' '333.80730466549323' 'presentdestroyed']
 ['14' '337.3306029045297' 'presentdestroyed']
 ['2' '337.73843918332506' 'destroyed']
 ['7' '356.8718995009781' 'present']
 ['6' '358.3838947809754' 'marauded']]","[['F167' '33.146106886748065' 'mated']
 ['F151' '35.631349602715275' 'mated']
 ['F141' '57.062925386151456' 'destroyed']
 ['F165' '85.00638824086177' 'mated']
 ['F54' '103.41570953205844' 'absent']
 ['F169' '120.41457730211664' 'absent']
 ['F146' '137.2147383164693' 'mated']
 ['F144' '138.7682550716306' 'mated']
 ['F211' '147.53320562675304' 'mated']
 ['F150' '151.94768744082842' 'mated']
 ['F53' '153.16539566092723' 'absent']
 ['F201' '154.92985285666367' 'mated']
 ['F71' '165.1336617012899' 'mated']
 ['F104' '168.963094488095' 'mated']
 ['F93' '169.8144098483351' 'mated']
 ['F89' '178.42018599079202' 'absentdestroyed']
 ['F173' '211.13167577456173' 'absentdestroyed']
 ['F63' '216.07383409408584' 'mated']
 ['F193' '221.33913920743544' 'absent']
 ['F91' '233.7373259064796' 'mated']
 ['F160' '245.61185354302197' 'mated']
 ['F23' '264.3011246070267' 'mated']]",400.0,0.0,570.0,71.1245925837753,14.641380648025663,1338.0,229.97972864921795,49.366939071115134,332.0,56.690658599725346,11.896007704467895,16.0,1.6000000000000003,0.1600000000000001,70.0,0.6307136707377652,0.006430041152263377
17,0.054,8,360.03120368044216,"[['2' '1.0494849141956888' 'present']
 ['23' '5.710655910803634' 'marauded']
 ['23' '6.286042589897194' 'presentdestroyed']
 ['14' '8.52582289375197' 'presentdestroyed']
 ['5' '13.362441546333836' 'destroyed']
 ['11' '19.83901413083928' 'marauded']
 ['16' '20.314424162434783' 'presentdestroyed']
 ['6' '34.38395441490807' 'present']
 ['8' '36.868272650476506' 'present']
 ['15' '39.87473477403207' 'present']
 ['5' '55.21899186758066' 'present']
 ['8' '59.547438323779495' 'marauded']
 ['11' '68.45386333692481' 'present']
 ['3' '72.54850811420212' 'present']
 ['19' '86.88926095362658' 'present']
 ['21' '89.63074600562639' 'present']
 ['9' '96.99054121076328' 'present']
 ['4' '100.41585313869571' 'present']
 ['2' '100.62896005473621' 'present']
 ['11' '104.03006277507669' 'present']
 ['11' '109.69342929684355' 'present']
 ['11' '113.48631838664409' 'present']
 ['15' '119.83826909805184' 'present']
 ['3' '124.80924260490865' 'present']
 ['21' '128.73426470080577' 'marauded']
 ['7' '143.34466337487757' 'present']
 ['6' '144.34497748229262' 'present']
 ['6' '151.43534100106092' 'present']
 ['21' '152.8331224765027' 'present']
 ['21' '155.21675198367464' 'present']
 ['15' '165.01492483605685' 'present']
 ['5' '173.22254473292892' 'present']
 ['8' '193.16114963256106' 'present']
 ['23' '195.57448348371398' 'present']
 ['7' '204.7785629482891' 'present']
 ['15' '206.50107464911906' 'marauded']
 ['23' '207.77069574664324' 'presentdestroyed']
 ['18' '210.59191206485409' 'destroyed']
 ['18' '213.9758195282851' 'presentdestroyed']
 ['16' '223.04940768960466' 'present']
 ['7' '223.88177051417955' 'present']
 ['19' '225.8889866040496' 'present']
 ['8' '235.16400803973536' 'present']
 ['19' '238.30731094107412' 'marauded']
 ['8' '241.41935133777676' 'presentdestroyed']
 ['2' '250.82224259444877' 'marauded']
 ['4' '252.58622303716263' 'presentdestroyed']
 ['16' '264.996012899162' 'present']
 ['2' '272.15116323873997' 'present']
 ['7' '274.0661246351249' 'present']
 ['9' '276.9802256800245' 'present']
 ['16' '280.833729176617' 'present']
 ['5' '284.3211712042547' 'present']
 ['19' '292.53078621762324' 'marauded']
 ['19' '313.1841414556257' 'present']
 ['18' '320.95044901796183' 'present']
 ['21' '325.4216796240389' 'present']
 ['18' '329.0948846933957' 'marauded']
 ['5' '333.37955914062076' 'presentdestroyed']
 ['14' '336.54049322144914' 'marauded']]","[['F60' '21.14286772782877' 'destroyed']
 ['F14' '23.29912592372074' 'destroyed']
 ['F74' '36.367449729219935' 'mated']
 ['F9' '50.100459669956344' 'mated']
 ['F155' '50.6245593426282' 'mated']
 ['F208' '56.144827622207686' 'absent']
 ['F210' '57.60956948038625' 'mated']
 ['F97' '60.92486643992681' 'destroyed']
 ['F69' '101.10052981920514' 'mated']
 ['F53' '153.16308084611242' 'absent']
 ['F53' '165.18620747755895' 'mated']
 ['F158' '166.8987814577631' 'absent']
 ['F113' '207.51265045697667' 'absentdestroyed']
 ['F6' '232.93317888072747' 'mated']
 ['F182' '248.99547633796257' 'mated']]",400.0,100.0,556.0,73.44203595578149,17.247503014789114,1308.0,223.53878417898454,48.717096208079994,367.0,61.365422255763335,13.04596236796518,11.0,1.0999999999999999,0.11000000000000004,65.0,0.6274935781122,0.006708676268861455
18,0.054,4,360.0493776281712,"[['19' '15.228829353736387' 'present']
 ['15' '28.509551308163868' 'present']
 ['4' '38.86974545112683' 'present']
 ['16' '39.919277501772015' 'present']
 ['14' '41.268412806735654' 'present']
 ['2' '48.55768288838269' 'present']
 ['12' '48.94681871491611' 'present']
 ['19' '53.392858291888096' 'present']
 ['14' '55.20094145704652' 'present']
 ['5' '60.90515285794082' 'present']
 ['23' '64.46095801879414' 'present']
 ['16' '65.24563575167485' 'marauded']
 ['15' '66.17135668773287' 'presentdestroyed']
 ['16' '72.9560771595287' 'present']
 ['2' '73.08790494375468' 'marauded']
 ['23' '73.76328575295574' 'presentdestroyed']
 ['15' '92.29612099476951' 'present']
 ['21' '96.67261489408436' 'present']
 ['2' '98.23000457181074' 'present']
 ['4' '100.03296973149153' 'present']
 ['19' '121.9659044833282' 'present']
 ['15' '125.37419351098544' 'present']
 ['5' '136.04163432087728' 'present']
 ['9' '138.36672953490717' 'marauded']
 ['6' '141.31226186574997' 'presentdestroyed']
 ['19' '141.34070966987358' 'presentdestroyed']
 ['2' '147.42383721117938' 'marauded']
 ['0' '153.6574472810014' 'presentdestroyed']
 ['5' '162.15208500029823' 'present']
 ['3' '162.27135694031608' 'marauded']
 ['4' '175.65173711724225' 'marauded']
 ['3' '187.14975992939148' 'present']
 ['7' '197.40124343769395' 'marauded']
 ['23' '199.68299585593329' 'presentdestroyed']
 ['15' '200.66694273240196' 'presentdestroyed']
 ['19' '204.74055183275428' 'present']
 ['23' '205.7015291265722' 'present']
 ['21' '208.3469012886266' 'present']
 ['19' '214.73652308905469' 'marauded']
 ['17' '217.86369054704238' 'presentdestroyed']
 ['4' '220.0969295781886' 'destroyed']
 ['3' '235.4575591869414' 'present']
 ['16' '240.49948939877697' 'present']
 ['16' '251.65288935630286' 'marauded']
 ['8' '255.0531422317543' 'presentdestroyed']
 ['19' '258.91300884905485' 'present']
 ['8' '271.2142179563935' 'present']
 ['12' '284.087123436581' 'present']
 ['7' '294.2147406376213' 'present']
 ['14' '294.6168483379179' 'present']
 ['8' '307.5595755462861' 'present']
 ['12' '309.1188997098395' 'present']
 ['23' '311.38531113719097' 'present']
 ['21' '320.54434465246146' 'present']
 ['16' '340.3494046264595' 'present']
 ['14' '342.18293381059607' 'present']
 ['16' '347.75608029369505' 'marauded']
 ['1' '352.84928597383583' 'presentdestroyed']
 ['19' '352.8549640035353' 'presentdestroyed']
 ['16' '354.3045772014879' 'presentdestroyed']
 ['7' '358.3965235116488' 'marauded']
 ['19' '358.5448220314751' 'destroyed']]","[['F24' '103.66287451131905' 'mated']
 ['F45' '138.46898982679548' 'destroyed']
 ['F53' '153.1546311203257' 'destroyed']
 ['F121' '161.26899444136833' 'mated']
 ['F15' '190.53977911550876' 'mated']
 ['F87' '192.10227458888627' 'absent']
 ['F116' '220.27805818245233' 'destroyed']
 ['F195' '221.94540244682517' 'destroyed']
 ['F129' '262.64486525421205' 'mated']]",400.0,200.0,556.0,71.56189142057424,14.928316427784415,1341.0,223.7534657277867,47.68963808330848,361.0,62.774081548953106,13.830419177637618,12.0,1.2,0.12000000000000005,79.0,0.7480935960380738,0.008037551440329223
19,0.054,10,360.47429155288,"[['2' '0.7168901475264225' 'present']
 ['7' '0.8112916433755705' 'present']
 ['11' '5.541799692591603' 'present']
 ['18' '7.080090795861037' 'present']
 ['7' '10.755695404642255' 'present']
 ['12' '38.15834882688192' 'marauded']
 ['7' '62.18268572387588' 'present']
 ['2' '75.19699167630004' 'marauded']
 ['17' '75.5604920605985' 'presentdestroyed']
 ['9' '76.10841099155807' 'presentdestroyed']
 ['8' '77.40853159559231' 'destroyed']
 ['16' '78.46173158542608' 'presentdestroyed']
 ['11' '92.17722799107423' 'marauded']
 ['4' '95.1418157431536' 'presentdestroyed']
 ['3' '98.35011394793978' 'presentdestroyed']
 ['11' '99.94240642525263' 'presentdestroyed']
 ['7' '119.00115777029207' 'present']
 ['9' '137.6542716069313' 'present']
 ['1' '139.83641534287048' 'present']
 ['7' '148.59898399720407' 'present']
 ['9' '162.72353144607231' 'present']
 ['3' '163.9411101327189' 'present']
 ['0' '164.09405067135984' 'present']
 ['3' '165.81166580217723' 'marauded']
 ['9' '169.9094420877231' 'destroyed']
 ['8' '179.59920140444024' 'present']
 ['7' '195.17516031204954' 'marauded']
 ['15' '217.5799031909413' 'present']
 ['14' '223.39131174147167' 'present']
 ['15' '241.60495421995492' 'present']
 ['23' '250.43680424597864' 'present']
 ['16' '251.08798234080115' 'present']
 ['11' '251.26812577146657' 'present']
 ['3' '261.3178079696028' 'present']
 ['14' '272.5693720025938' 'present']
 ['15' '272.85607729505926' 'present']
 ['8' '274.0976402064491' 'present']
 ['7' '276.68439146580096' 'present']
 ['12' '285.6413313722702' 'present']
 ['5' '299.69731110987607' 'present']
 ['17' '300.80332105807486' 'present']
 ['18' '305.80449905522056' 'marauded']
 ['7' '307.1786538906374' 'presentdestroyed']
 ['3' '314.34580394066495' 'present']
 ['17' '314.42101166291627' 'present']
 ['11' '316.0788197115697' 'present']
 ['14' '324.5569306659521' 'present']
 ['3' '326.3260839379412' 'present']
 ['11' '328.4750559314524' 'present']
 ['8' '329.5699544546882' 'present']
 ['23' '330.3904538328912' 'present']
 ['23' '338.0295529918968' 'marauded']
 ['14' '338.800113353727' 'destroyed']
 ['18' '345.09010426467495' 'present']
 ['14' '355.9138301366829' 'present']
 ['23' '359.4445629494797' 'present']]","[['F43' '17.81180862306974' 'mated']
 ['F57' '34.475636889776766' 'mated']
 ['F41' '70.01045414058785' 'mated']
 ['F24' '103.66055969650424' 'absent']
 ['F125' '118.02861962907964' 'mated']
 ['F209' '151.125360242576' 'absent']
 ['F93' '157.80596012254836' 'absent']
 ['F32' '184.94650953742072' 'mated']
 ['F116' '220.28037299726714' 'mated']
 ['F5' '238.16020829467428' 'mated']
 ['F39' '261.17714213683143' 'mated']
 ['F122' '294.37556192500415' 'absent']
 ['F29' '324.24960487470327' 'mated']
 ['F197' '356.97374432194056' 'mated']]",400.0,300.0,562.0,69.67813984525732,13.732533147508187,1432.0,245.45764252108884,52.453709246775034,252.0,42.96497593421524,9.173155095105054,12.0,1.2,0.12000000000000005,85.0,0.7140847142166896,0.0066872427983539155
20,0.0,5,360.74513892329,"[['8' '5.711341430608124' 'present']
 ['16' '6.97965066507774' 'present']
 ['23' '9.137451739764707' 'present']
 ['7' '21.908200578258366' 'present']
 ['3' '25.054825070082998' 'present']
 ['12' '31.029312554053515' 'marauded']
 ['5' '37.827173740673416' 'presentdestroyed']
 ['1' '41.43485589220937' 'present']
 ['11' '52.75117080306813' 'present']
 ['18' '56.259983589685945' 'present']
 ['23' '59.533317751955046' 'marauded']
 ['17' '82.52446708815604' 'present']
 ['1' '87.45117041803297' 'present']
 ['3' '103.56269824266437' 'present']
 ['19' '107.3790206911742' 'present']
 ['1' '111.25176869198091' 'present']
 ['8' '120.38385749737787' 'present']
 ['15' '122.10386945745012' 'present']
 ['6' '139.53942288570806' 'present']
 ['6' '140.16157824993553' 'present']
 ['14' '140.66602363042114' 'present']
 ['21' '141.13512159077118' 'present']
 ['19' '142.17844727070485' 'present']
 ['11' '148.7235614328063' 'present']
 ['6' '150.03860827864256' 'present']
 ['18' '156.2761761105668' 'present']
 ['11' '156.90905438741322' 'present']
 ['19' '161.0107354983608' 'present']
 ['0' '167.5965839089233' 'present']
 ['2' '184.67696972309244' 'present']
 ['0' '185.43180909823013' 'present']
 ['7' '189.75266145243612' 'present']
 ['2' '193.74986418498997' 'present']
 ['3' '196.08061676818429' 'present']
 ['12' '200.9635896465332' 'present']
 ['12' '204.3463642794175' 'present']
 ['12' '215.88981650745248' 'marauded']
 ['3' '217.60062004517258' 'presentdestroyed']
 ['19' '218.21171223836387' 'presentdestroyed']
 ['7' '233.51334513606642' 'present']
 ['2' '236.25141145268597' 'present']
 ['19' '238.5421820592192' 'present']
 ['21' '239.5195377091302' 'marauded']
 ['0' '245.7012254438036' 'presentdestroyed']
 ['19' '253.06671390887658' 'present']
 ['6' '254.19704301924395' 'present']
 ['7' '260.42216668738513' 'present']
 ['0' '288.35732124073905' 'present']
 ['12' '288.97493954177065' 'present']
 ['17' '289.03209386576464' 'present']
 ['16' '297.81551990198983' 'present']
 ['16' '303.00809005722755' 'present']
 ['3' '319.7721896612677' 'present']
 ['19' '322.4632327736539' 'present']
 ['12' '326.15225516828826' 'present']
 ['19' '328.6530192729191' 'present']
 ['0' '336.4068922687991' 'present']
 ['18' '344.68608663571626' 'present']
 ['16' '349.41336932378385' 'present']
 ['11' '351.8989604973582' 'present']
 ['4' '357.88211205088606' 'present']]","[['F86' '25.78926019842409' 'mated']
 ['F57' '34.472363247271275' 'absentdestroyed']
 ['F151' '35.622899876928535' 'destroyed']
 ['F38' '61.64476005518399' 'destroyed']
 ['F165' '72.99752614103598' 'absent']
 ['F165' '85.00407342604696' 'absent']
 ['F169' '120.41689211693145' 'mated']
 ['F72' '128.77111743710896' 'mated']
 ['F105' '142.89694732843938' 'mated']
 ['F53' '153.15980720360693' 'absent']
 ['F53' '153.16771047574204' 'absent']
 ['F170' '153.44047881049607' 'mated']
 ['F8' '187.78309678750898' 'absent']
 ['F21' '216.54652149172108' 'absentdestroyed']
 ['F195' '221.9505785301064' 'destroyed']
 ['F17' '273.8827314203304' 'absent']]",500.0,0.0,542.0,71.07314839694259,15.514575511446878,1544.0,264.8323107902952,57.348785889783564,140.0,24.352073299551183,5.510383401112048,0.0,0.0,0.0,0.0,0.0,0.0
21,0.054,12,360.2203562991454,"[['0' '2.7047126892699835' 'present']
 ['11' '20.481586570092002' 'present']
 ['5' '28.677749638479455' 'marauded']
 ['8' '31.12853109615083' 'presentdestroyed']
 ['15' '36.9034172259893' 'present']
 ['12' '47.52295546752807' 'present']
 ['5' '58.862648234781105' 'present']
 ['17' '67.75243976691544' 'present']
 ['6' '73.46465467770818' 'marauded']
 ['18' '82.44162820556392' 'present']
 ['15' '100.11284127638291' 'marauded']
 ['19' '118.03419798874545' 'present']
 ['6' '123.39442941533491' 'present']
 ['0' '154.92068427788848' 'present']
 ['0' '156.62851684696778' 'marauded']
 ['0' '160.96744561136413' 'presentdestroyed']
 ['18' '174.37790077675683' 'present']
 ['23' '177.52405040613795' 'present']
 ['9' '180.95157727558248' 'present']
 ['14' '186.87706827675171' 'present']
 ['6' '189.7129816949696' 'present']
 ['19' '192.26332203082123' 'present']
 ['11' '201.15326780764622' 'present']
 ['11' '216.7162080278268' 'present']
 ['14' '217.28907297000347' 'present']
 ['23' '223.6857628600024' 'marauded']
 ['0' '227.1516472503277' 'presentdestroyed']
 ['23' '253.63158927045117' 'present']
 ['1' '255.65015332508645' 'present']
 ['8' '271.04862968926926' 'marauded']
 ['0' '278.5301172132346' 'present']
 ['6' '285.1708435494042' 'present']
 ['15' '298.62186797610815' 'present']
 ['0' '299.5072542605267' 'present']
 ['0' '319.29474354376595' 'present']
 ['15' '320.5615389252284' 'present']
 ['14' '321.6948555429598' 'present']
 ['3' '329.73191281324216' 'present']
 ['12' '342.4692001689495' 'present']]","[['F174' '97.25121228076088' 'mated']
 ['F54' '103.41243588955295' 'absentdestroyed']
 ['F190' '107.23721641560473' 'destroyed']
 ['F107' '142.17153486121157' 'mated']
 ['F186' '156.5521616518774' 'absent']
 ['F93' '157.79246839309292' 'destroyed']
 ['F148' '163.35343104388335' 'destroyed']
 ['F168' '180.30897138729355' 'mated']
 ['F7' '186.43616605091222' 'mated']
 ['F173' '211.13494941706722' 'mated']
 ['F175' '213.98056165860666' 'mated']
 ['F50' '216.37806487138837' 'mated']
 ['F21' '216.5488363065359' 'mated']
 ['F193' '221.34241284994093' 'mated']
 ['F195' '221.95289334492122' 'mated']
 ['F73' '241.80322952904478' 'mated']
 ['F33' '266.88915707171725' 'mated']]",500.0,100.0,565.0,72.38281121206876,15.30117031741665,1448.0,248.7390710841614,54.32316303037271,214.0,36.41373028033505,7.722706889120888,18.0,1.8000000000000005,0.1800000000000001,71.0,0.6699372377178874,0.007330246913580253
22,0.0,11,360.0818272884322,"[['16' '5.750449588414496' 'present']
 ['1' '7.113239279335974' 'present']
 ['23' '15.445598195612419' 'present']
 ['19' '22.16255033357359' 'present']
 ['9' '22.670166747795395' 'present']
 ['12' '29.776416674016524' 'marauded']
 ['18' '31.48801713743603' 'presentdestroyed']
 ['7' '32.98903891548939' 'presentdestroyed']
 ['23' '35.48561071652866' 'presentdestroyed']
 ['8' '36.420159416480026' 'presentdestroyed']
 ['15' '37.536148568029425' 'presentdestroyed']
 ['7' '38.57064073115058' 'marauded']
 ['3' '50.43134671051004' 'present']
 ['9' '53.28871330802293' 'present']
 ['19' '73.95044329586436' 'present']
 ['19' '75.16434440663599' 'marauded']
 ['1' '76.90790096627913' 'presentdestroyed']
 ['11' '81.62357870671167' 'presentdestroyed']
 ['18' '82.92814407156011' 'marauded']
 ['5' '85.03769120800452' 'presentdestroyed']
 ['5' '88.50725429055501' 'destroyed']
 ['3' '91.8939841394446' 'present']
 ['23' '95.32119204270776' 'marauded']
 ['12' '96.82746246016282' 'presentdestroyed']
 ['17' '100.66525096026167' 'presentdestroyed']
 ['23' '109.29643682107594' 'present']
 ['19' '110.72863376258567' 'marauded']
 ['21' '114.96582172281863' 'presentdestroyed']
 ['21' '131.36093173227124' 'present']
 ['1' '132.11114771945768' 'present']
 ['23' '133.0388282961188' 'present']
 ['19' '134.38200655097472' 'present']
 ['19' '146.57822232585846' 'present']
 ['12' '148.6926153369876' 'present']
 ['14' '151.38218018085738' 'present']
 ['5' '152.7055753323287' 'present']
 ['14' '163.66726960611064' 'present']
 ['3' '168.78580596149135' 'present']
 ['1' '203.04598080565498' 'marauded']
 ['21' '206.58383423126645' 'presentdestroyed']
 ['12' '207.92300281320655' 'presentdestroyed']
 ['6' '221.15772301668477' 'present']
 ['2' '224.04295727144515' 'present']
 ['4' '225.84634927989183' 'present']
 ['0' '230.30048973524484' 'present']
 ['1' '236.69068342414388' 'present']
 ['9' '258.66292813349594' 'present']
 ['14' '281.0608578581076' 'present']
 ['12' '281.2289522922474' 'marauded']
 ['7' '285.441980712705' 'presentdestroyed']
 ['18' '298.84252392013724' 'present']
 ['23' '299.5757890422889' 'present']
 ['8' '303.13423639063524' 'present']
 ['19' '305.5210400339488' 'present']
 ['8' '312.6629474263015' 'present']
 ['3' '313.6739389837665' 'present']
 ['7' '319.2980246689509' 'present']
 ['3' '326.9508238811677' 'marauded']
 ['8' '330.1655519847737' 'presentdestroyed']
 ['12' '337.87868297455697' 'present']
 ['16' '355.1553028259845' 'present']
 ['8' '355.4171566239914' 'present']]","[['F118' '11.973024406901322' 'mated']
 ['F14' '23.312648190510007' 'mated']
 ['F109' '67.01835116091695' 'absent']
 ['F165' '72.99289651140634' 'absent']
 ['F51' '114.95595713078475' 'destroyed']
 ['F202' '123.56405739432142' 'mated']
 ['F76' '138.6366111745784' 'mated']
 ['F209' '151.12863388508148' 'mated']
 ['F94' '186.6513071512645' 'mated']
 ['F20' '221.2201286920706' 'mated']
 ['F13' '229.25945399478329' 'mated']
 ['F137' '231.09339456177145' 'absent']
 ['F128' '238.83281502171363' 'mated']
 ['F161' '246.81390344723982' 'absent']
 ['F35' '255.25134988804086' 'mated']
 ['F10' '259.97215634548166' 'mated']
 ['F85' '321.12548580401386' 'absent']]",500.0,200.0,575.0,71.92135586155543,14.815928974637089,1400.0,233.14070425662936,49.50281024543427,333.0,55.15746891916223,11.47772148085814,0.0,0.0,0.0,0.0,0.0,0.0
23,0.054,7,360.0418761504506,"[['6' '1.204801297682775' 'present']
 ['5' '13.933710654974803' 'present']
 ['17' '36.471977227133294' 'present']
 ['2' '45.527055036015895' 'present']
 ['14' '56.752075548222834' 'present']
 ['12' '63.985441922471' 'present']
 ['8' '67.28155531597704' 'present']
 ['2' '78.15702694022369' 'present']
 ['1' '83.37162656547486' 'marauded']
 ['16' '87.94680875019024' 'presentdestroyed']
 ['14' '90.18715999422251' 'presentdestroyed']
 ['15' '90.94859689389689' 'present']
 ['19' '91.68229740278333' 'present']
 ['16' '100.33952086656015' 'marauded']
 ['0' '102.49016416495051' 'presentdestroyed']
 ['17' '108.32182480207017' 'present']
 ['18' '111.1777834539968' 'marauded']
 ['5' '121.10748900650833' 'marauded']
 ['5' '145.59550221807925' 'present']
 ['9' '147.16895790725292' 'present']
 ['0' '147.21004248982558' 'present']
 ['9' '168.38499207774325' 'marauded']
 ['12' '173.22950381463446' 'presentdestroyed']
 ['18' '175.04690542730393' 'presentdestroyed']
 ['21' '194.4883720479377' 'present']
 ['7' '206.58037971839332' 'present']
 ['2' '215.0889607370054' 'present']
 ['16' '235.91489507132843' 'present']
 ['3' '242.9874956254593' 'present']
 ['11' '261.88013201065564' 'marauded']
 ['18' '267.0915198960846' 'presentdestroyed']
 ['5' '302.26974536938457' 'present']
 ['7' '312.7486961882448' 'marauded']
 ['9' '322.00597962283' 'present']
 ['16' '323.28354981756223' 'present']
 ['17' '323.92248805909435' 'present']
 ['2' '324.3403995407859' 'present']
 ['0' '325.29765684940907' 'present']
 ['14' '337.93092557671025' 'present']
 ['15' '340.4992692528234' 'present']
 ['1' '351.6661226208147' 'present']
 ['5' '356.94666541010906' 'present']]","[['F208' '56.15780343534533' 'mated']
 ['F141' '57.066199028656946' 'absent']
 ['F191' '114.595830585886' 'destroyed']
 ['F196' '134.05781437662898' 'absent']
 ['F192' '160.23271775874636' 'mated']
 ['F99' '160.99403444295166' 'mated']
 ['F111' '171.91085932830902' 'destroyed']
 ['F59' '194.42921862755134' 'absent']
 ['F48' '199.14311844691136' 'mated']
 ['F126' '215.94013422456453' 'mated']
 ['F114' '253.62018403694455' 'mated']
 ['F178' '284.98946643896073' 'mated']
 ['F122' '294.3732471101893' 'absent']
 ['F122' '294.3884704695008' 'absent']
 ['F85' '321.1372091723061' 'absent']]",500.0,300.0,551.0,69.87179988879947,15.552598238601202,1439.0,245.44127604456435,53.55279270165952,263.0,43.0176510215065,9.0291620108259,11.0,1.0999999999999999,0.11000000000000004,68.0,0.5865099388792564,0.005722736625514406
